flux.10^(-11) [TeV^(-1)cm^(-2)s^(-1)] 	 TS_1D_flux 	 gamma 		 TS_1D_gamma
0.316227766 	                     14.479978661 	 2.194923518 	 18.108913955
0.321135978 	                     14.404338489 	 2.201612481 	 17.741921388
0.326120370 	                     14.326898122 	 2.208301444 	 17.401967782
0.331182126 	                     14.250735708 	 2.214990408 	 17.087019465
0.336322446 	                     14.172697581 	 2.221679371 	 16.795805712
0.341542550 	                     14.095637007 	 2.228368334 	 16.527121343
0.346843675 	                     14.017370238 	 2.235057297 	 16.279823218
0.352227080 	                     13.939431524 	 2.241746260 	 16.052826928
0.357694041 	                     13.860911053 	 2.248435224 	 15.844421188
0.363245856 	                     13.782114751 	 2.255124187 	 15.655116257
0.368883842 	                     13.703316799 	 2.261813150 	 15.480723948
0.374609335 	                     13.623684040 	 2.268502113 	 15.307831698
0.380423694 	                     13.545163499 	 2.275191076 	 15.134568921
0.386328299 	                     13.464716982 	 2.281880040 	 14.961528444
0.392324550 	                     13.385251715 	 2.288569003 	 14.788691155
0.398413869 	                     13.304012860 	 2.295257966 	 14.616627376
0.404597702 	                     13.224122320 	 2.301946929 	 14.443342922
0.410877514 	                     13.142114163 	 2.308635893 	 14.270111378
0.417254797 	                     13.061548006 	 2.315324856 	 14.096923391
0.423731061 	                     12.979024633 	 2.322013819 	 13.923772785
0.430307845 	                     12.897732710 	 2.328702782 	 13.750541832
0.436986708 	                     12.814750147 	 2.335391745 	 13.577018042
0.443769235 	                     12.732758242 	 2.342080709 	 13.403588522
0.450657034 	                     12.649298795 	 2.348769672 	 13.230586115
0.457651739 	                     12.566633619 	 2.355458635 	 13.057324206
0.464755010 	                     12.482680974 	 2.362147598 	 12.884142632
0.471968532 	                     12.399370224 	 2.368836561 	 12.711059407
0.479294016 	                     12.314909483 	 2.375525525 	 12.538096364
0.486733199 	                     12.230981904 	 2.382214488 	 12.365279262
0.494287848 	                     12.145836848 	 2.388903451 	 12.192637905
0.501959752 	                     12.061316297 	 2.395592414 	 12.020769027
0.509750734 	                     11.975835882 	 2.402281377 	 11.848541096
0.517662640 	                     11.890760358 	 2.408970341 	 11.676521724
0.525697348 	                     11.804757123 	 2.415659304 	 11.504756637
0.533856763 	                     11.719159818 	 2.422348267 	 11.333296241
0.542142822 	                     11.632622550 	 2.429037230 	 11.162195796
0.550557490 	                     11.546537989 	 2.435726194 	 10.991157422
0.559102763 	                     11.459457035 	 2.442415157 	 10.820315944
0.567780669 	                     11.372921159 	 2.449104120 	 10.649550749
0.576593265 	                     11.285288487 	 2.455793083 	 10.479790832
0.585542643 	                     11.198338725 	 2.462482046 	 10.310711983
0.594630925 	                     11.110147982 	 2.469171010 	 10.142398851
0.603860267 	                     11.022507799 	 2.475859973 	 9.974023332
0.613232859 	                     10.933026547 	 2.482548936 	 9.806385229
0.622750925 	                     10.845341000 	 2.489237899 	 9.639701528
0.632416722 	                     10.756128547 	 2.495926862 	 9.472093365
0.642232542 	                     10.668153318 	 2.502615826 	 9.306611302
0.652200715 	                     10.578529910 	 2.509304789 	 9.142426592
0.662323606 	                     10.490313237 	 2.515993752 	 8.979859298
0.672603615 	                     10.400283808 	 2.522682715 	 8.818026496
0.683043182 	                     10.311876023 	 2.529371678 	 8.657373038
0.693644782 	                     10.221447696 	 2.536060642 	 8.498672475
0.704410931 	                     10.132713595 	 2.542749605 	 8.340508264
0.715344183 	                     10.042083519 	 2.549438568 	 8.189143419
0.726447132 	                      9.952960933 	 2.556127531 	 8.033643914
0.737722410 	                      9.862257911 	 2.562816495 	 7.878355930
0.749172694 	                      9.772760598 	 2.569505458 	 7.724831820
0.760800699 	                      9.682042426 	 2.576194421 	 7.570884169
0.772609184 	                      9.593419237 	 2.582883384 	 7.418941427
0.784600950 	                      9.505507176 	 2.589572347 	 7.266950786
0.796778841 	                      9.414640268 	 2.596261311 	 7.116705260
0.809145747 	                      9.324105196 	 2.602950274 	 6.966717529
0.821704602 	                      9.232307395 	 2.609639237 	 6.818784654
0.834458384 	                      9.141579694 	 2.616328200 	 6.670858616
0.847410119 	                      9.049211658 	 2.623017163 	 6.525222671
0.860562879 	                      8.957556563 	 2.629706127 	 6.379693146
0.873919786 	                      8.865423382 	 2.636395090 	 6.236169001
0.887484006 	                      8.772849577 	 2.643084053 	 6.093730543
0.901258759 	                      8.681018140 	 2.649773016 	 5.953555167
0.915247311 	                      8.587536688 	 2.656461979 	 5.814299310
0.929452981 	                      8.495262704 	 2.663150943 	 5.675174363
0.943879140 	                      8.401863559 	 2.669839906 	 5.537935068
0.958529208 	                      8.308515638 	 2.676528869 	 5.402689090
0.973406662 	                      8.215572958 	 2.683217832 	 5.267625382
0.988515031 	                      8.121332672 	 2.689906796 	 5.134645287
1.003857899 	                      8.028089264 	 2.696595759 	 5.004744875
1.019438906 	                      7.933815652 	 2.703284722 	 4.874476298
1.035261747 	                      7.839714220 	 2.709973685 	 4.745772381
1.051330177 	                      7.746073256 	 2.716662648 	 4.619027662
1.067648007 	                      7.651141743 	 2.723351612 	 4.494236532
1.084219108 	                      7.557208383 	 2.730040575 	 4.370118546
1.101047411 	                      7.462491016 	 2.736729538 	 4.247876065
1.118136908 	                      7.367776369 	 2.743418501 	 4.127663064
1.135491654 	                      7.273888950 	 2.750107464 	 4.011126295
1.153115765 	                      7.179482066 	 2.756796428 	 3.894701173
1.171013422 	                      7.084859110 	 2.763485391 	 3.779167012
1.189188871 	                      6.990181954 	 2.770174354 	 3.665390863
1.207646423 	                      6.894715939 	 2.776863317 	 3.553523671
1.226390457 	                      6.800110632 	 2.783552280 	 3.443583538
1.245425420 	                      6.704821211 	 2.790241244 	 3.335591878
1.264755827 	                      6.609437705 	 2.796930207 	 3.231134789
1.284386264 	                      6.514924287 	 2.803619170 	 3.126948571
1.304321387 	                      6.419215681 	 2.810308133 	 3.024565757
1.324565925 	                      6.323999993 	 2.816997097 	 2.924017068
1.345124682 	                      6.229612878 	 2.823686060 	 2.825148115
1.366002534 	                      6.134797011 	 2.830375023 	 2.728122210
1.387204434 	                      6.039749113 	 2.837063986 	 2.633126041
1.408735411 	                      5.945299414 	 2.843752949 	 2.540204907
1.430600573 	                      5.849547010 	 2.850441913 	 2.452930968
1.452805107 	                      5.754591265 	 2.857130876 	 2.363653647
1.475354281 	                      5.660310019 	 2.863819839 	 2.276045689
1.498253443 	                      5.564753331 	 2.870508802 	 2.190143804
1.521508026 	                      5.470029319 	 2.877197765 	 2.105800010
1.545123546 	                      5.376138356 	 2.883886729 	 2.023012276
1.569105606 	                      5.280956544 	 2.890575692 	 1.941971619
1.593459894 	                      5.186627594 	 2.897264655 	 1.865275577
1.618192188 	                      5.093443562 	 2.903953618 	 1.787580877
1.643308356 	                      5.000191165 	 2.910642581 	 1.711409656
1.668814355 	                      4.906186343 	 2.917331545 	 1.636812145
1.694716235 	                      4.812904544 	 2.924020508 	 1.563841723
1.721020142 	                      4.719546256 	 2.930709471 	 1.492554979
1.747732315 	                      4.625888148 	 2.937398434 	 1.423011780
1.774859092 	                      4.533011976 	 2.944087398 	 1.354534066
1.802406906 	                      4.440928529 	 2.950776361 	 1.288467969
1.830382294 	                      4.347911971 	 2.957465324 	 1.222963525
1.858791891 	                      4.255667596 	 2.964154287 	 1.159194191
1.887642437 	                      4.165347786 	 2.970843250 	 1.097224272
1.916940777 	                      4.074522634 	 2.977532214 	 1.036882411
1.946693859 	                      3.983007834 	 2.984221177 	 0.977012513
1.976908743 	                      3.892232334 	 2.990910140 	 0.919047693
2.007592596 	                      3.802215317 	 2.997599103 	 0.864097139
2.038752697 	                      3.712375988 	 3.004288066 	 0.810035057
2.070396438 	                      3.622432334 	 3.010977030 	 0.756258162
2.102531325 	                      3.533343365 	 3.017665993 	 0.704109501
2.135164982 	                      3.445135775 	 3.024354956 	 0.654019126
2.168305150 	                      3.357359479 	 3.031043919 	 0.605728085
2.201959691 	                      3.269530008 	 3.037732882 	 0.557620325
2.236136589 	                      3.185418274 	 3.044421846 	 0.511739674
2.270843950 	                      3.099277664 	 3.051110809 	 0.465394326
2.306090009 	                      3.013532870 	 3.057799772 	 0.422511445
2.341883126 	                      2.928242228 	 3.064488735 	 0.382146669
2.378231793 	                      2.842821010 	 3.071177699 	 0.344766998
2.415144632 	                      2.758099361 	 3.077866662 	 0.307782323
2.452630400 	                      2.674103140 	 3.084555625 	 0.273645961
2.490697990 	                      2.590860382 	 3.091244588 	 0.242159147
2.529356431 	                      2.509247578 	 3.097933551 	 0.212357379
2.568614895 	                      2.428822413 	 3.104622515 	 0.184817074
2.608482695 	                      2.347201616 	 3.111311478 	 0.158406514
2.648969288 	                      2.265871771 	 3.118000441 	 0.134179248
2.690084278 	                      2.185139130 	 3.124689404 	 0.112541960
2.731837419 	                      2.105037610 	 3.131378367 	 0.091759145
2.774238617 	                      2.025603388 	 3.138067331 	 0.074666001
2.817297928 	                      1.946874952 	 3.144756294 	 0.057514445
2.861025569 	                      1.868893147 	 3.151445257 	 0.044836685
2.905431912 	                      1.792611551 	 3.158134220 	 0.031934585
2.950527492 	                      1.716082833 	 3.164823183 	 0.022266253
2.996323005 	                      1.640286632 	 3.171512147 	 0.013408752
3.042829317 	                      1.565264540 	 3.178201110 	 0.007634645
3.090057459 	                      1.491060490 	 3.184890073 	 0.002675022
3.138018636 	                      1.417720815 	 3.191579036 	 0.000985124
3.186724223 	                      1.345294309 	 3.198268000 	 0.000000000
3.236185777 	                      1.274892997 	 3.204956963 	 0.002564313
3.286415029 	                      1.204309650 	 3.211645926 	 0.004929451
3.337423896 	                      1.134649725 	 3.218334889 	 0.010979118
3.389224479 	                      1.065974236 	 3.225023852 	 0.017747356
3.441829064 	                      0.998347069 	 3.231712816 	 0.027122609
3.495250133 	                      0.931835068 	 3.238401779 	 0.038570743
3.549500356 	                      0.866508115 	 3.245090742 	 0.051903673
3.604592604 	                      0.801184239 	 3.251779705 	 0.067757998
3.660539946 	                      0.737179266 	 3.258468668 	 0.083759231
3.717355654 	                      0.676381471 	 3.265157632 	 0.102413992
3.775053205 	                      0.617484176 	 3.271846595 	 0.123407699
3.833646288 	                      0.560586300 	 3.278535558 	 0.144782031
3.893148801 	                      0.505790656 	 3.285224521 	 0.169069633
3.953574861 	                      0.453204062 	 3.291913484 	 0.195063268
4.014938801 	                      0.402937458 	 3.298602448 	 0.221596675
4.077255178 	                      0.356044409 	 3.305291411 	 0.251186582
4.140538776 	                      0.310643760 	 3.311980374 	 0.282611417
4.204804607 	                      0.267783161 	 3.318669337 	 0.314686267
4.270067916 	                      0.227589263 	 3.325358301 	 0.349347662
4.336344185 	                      0.190193441 	 3.332047264 	 0.386505979
4.403649137 	                      0.155731927 	 3.338736227 	 0.423658897
4.471998737 	                      0.124345967 	 3.345425190 	 0.463173892
4.541409200 	                      0.096181961 	 3.352114153 	 0.504916395
4.611896992 	                      0.072032090 	 3.358803117 	 0.548375936
4.683478834 	                      0.050576928 	 3.365492080 	 0.592259092
4.756171707 	                      0.032529941 	 3.372181043 	 0.638312657
4.829992855 	                      0.018249259 	 3.378870006 	 0.686458874
4.904959791 	                      0.007909771 	 3.385558969 	 0.736621147
4.981090297 	                      0.001692552 	 3.392247933 	 0.786770413
5.058402436 	                      0.000000000 	 3.398936896 	 0.838478159
5.136914546 	                      0.002564313 	 3.405625859 	 0.892487141
5.216645252 	                      0.009802462 	 3.412314822 	 0.948361850
5.297613469 	                      0.021922833 	 3.419003785 	 1.006035254
5.379838403 	                      0.039141084 	 3.425692749 	 1.063885273
5.463339562 	                      0.061680370 	 3.432381712 	 1.123427001
5.548136753 	                      0.089771574 	 3.439070675 	 1.184650374
5.634250091 	                      0.124445332 	 3.445759638 	 1.246032017
5.721700006 	                      0.164307658 	 3.452448602 	 1.310540062
5.810507242 	                      0.210349611 	 3.459137565 	 1.376751780
5.900692867 	                      0.262835123 	 3.465826528 	 1.444052058
5.992278274 	                      0.322037141 	 3.472515491 	 1.512392900
6.085285190 	                      0.388237900 	 3.479204454 	 1.582344354
6.179735678 	                      0.461596201 	 3.485893418 	 1.653850148
6.275652144 	                      0.542280819 	 3.492582381 	 1.726854555
6.373057342 	                      0.631220359 	 3.499271344 	 1.800688747
6.471974378 	                      0.728463228 	 3.505960307 	 1.876616488
6.572426719 	                      0.834347667 	 3.512649270 	 1.953977880
6.674438193 	                      0.949223258 	 3.519338234 	 2.032725395
6.778033000 	                      1.073451265 	 3.526027197 	 2.112811958
6.883235715 	                      1.207355268 	 3.532716160 	 2.194190906
6.990071295 	                      1.351224426 	 3.539405123 	 2.276815954
7.098565084 	                      1.505734561 	 3.546094086 	 2.361742886
7.208742819 	                      1.670918549 	 3.552783050 	 2.446332929
7.320630636 	                      1.847374434 	 3.559472013 	 2.531942615
7.434255078 	                      2.035541655 	 3.566160976 	 2.618531860
7.549643100 	                      2.235874075 	 3.572849939 	 2.706060826
7.666822075 	                      2.448840418 	 3.579538903 	 2.794489896
7.785819799 	                      2.674924704 	 3.586227866 	 2.883779640
7.906664501 	                      2.914626702 	 3.592916829 	 2.973890795
8.029384850 	                      3.168126528 	 3.599605792 	 3.064145271
8.154009957 	                      3.435534820 	 3.606294755 	 3.155883025
8.280569387 	                      3.718444630 	 3.612983719 	 3.248347163
8.409093161 	                      4.017111336 	 3.619672682 	 3.341326884
8.539611769 	                      4.332123233 	 3.626361645 	 3.434991859
8.672156173 	                      4.663107232 	 3.633050608 	 3.529310399
8.806757816 	                      5.011405007 	 3.639739571 	 3.624250889
8.943448628 	                      5.377825425 	 3.646428535 	 3.719060765
9.082261036 	                      5.762549631 	 3.653117498 	 3.815212002
9.223227969 	                      6.165697604 	 3.659806461 	 3.912001025
9.366382867 	                      6.586894988 	 3.666495424 	 4.009402447
9.511759691 	                      7.030225228 	 3.673184387 	 4.107390943
9.659392927 	                      7.494044831 	 3.679873351 	 4.205941235
9.809317598 	                      7.980346309 	 3.686562314 	 4.305028077
9.961569268 	                      8.487597379 	 3.693251277 	 4.404626248
10.116184056 	                      9.018773859 	 3.699940240 	 4.503940436
10.273198640 	                      9.572767151 	 3.706629204 	 4.603581723
10.432650268 	                     10.151670227 	 3.713318167 	 4.703720268
10.594576764 	                     10.755038341 	 3.720007130 	 4.804346851
10.759016542 	                     11.384672657 	 3.726696093 	 4.905442338
10.926008611 	                     12.040177196 	 3.733385056 	 5.006987606
11.095592585 	                     12.723707659 	 3.740074020 	 5.108963535
11.267808694 	                     13.434244892 	 3.746762983 	 5.210497585
11.442697791 	                     14.174837618 	 3.753451946 	 5.312352685
11.620301364 	                     14.943610917 	 3.760140909 	 5.414293240
11.800661544 	                     15.743808840 	 3.766829872 	 5.516673802
11.983821118 	                     16.574070850 	 3.773518836 	 5.619480929
12.169823536 	                     17.437117458 	 3.780207799 	 5.722701188
12.358712920 	                     18.334215926 	 3.786896762 	 5.826315617
12.550534081 	                     19.263877482 	 3.793585725 	 5.928689575
12.745332522 	                     20.228957642 	 3.800274688 	 6.030591043
12.943154455 	                     21.230712657 	 3.806963652 	 6.133750375
13.144046807 	                     22.267477722 	 3.813652615 	 6.237336923
13.348057235 	                     23.342692316 	 3.820341578 	 6.341194973
13.555234135 	                     24.457376315 	 3.827030541 	 6.443784320
13.765626654 	                     25.610464818 	 3.833719505 	 6.546730657
13.979284703 	                     26.804461791 	 3.840408468 	 6.650025818
14.196258965 	                     28.040904189 	 3.847097431 	 6.752786280
14.416600912 	                     29.320207579 	 3.853786394 	 6.855508142
14.640362815 	                     30.642214367 	 3.860475357 	 6.958017598
14.867597755 	                     32.009834484 	 3.867164321 	 7.060934810
15.098359637 	                     33.424180479 	 3.873853284 	 7.164256273
15.332703204 	                     34.885815609 	 3.880542247 	 7.266608940
15.570684048 	                     36.394657313 	 3.887231210 	 7.368591266
15.812358622 	                     37.953663924 	 3.893920173 	 7.470924151
16.057784258 	                     39.564039814 	 3.900609137 	 7.572802152
16.307019177 	                     41.227013286 	 3.907298100 	 7.673987295
16.560122503 	                     42.942521641 	 3.913987063 	 7.775374648
16.817154278 	                     44.712211437 	 3.920676026 	 7.877187507
17.078175476 	                     46.538303740 	 3.927364989 	 7.978573384
17.343248018 	                     48.422127018 	 3.934053953 	 8.078907483
17.612434784 	                     50.365035798 	 3.940742916 	 8.179627667
17.885799632 	                     52.368411105 	 3.947431879 	 8.279934938
18.163407411 	                     54.433660914 	 3.954120842 	 8.379117328
18.445323976 	                     56.562220603 	 3.960809806 	 8.478760002
18.731616203 	                     58.753928796 	 3.967498769 	 8.578867299
19.022352009 	                     61.011472548 	 3.974187732 	 8.677421881
19.317600363 	                     63.336784163 	 3.980876695 	 8.775962480
19.617431304 	                     65.731413860 	 3.987565658 	 8.874939201
19.921915959 	                     68.196617682 	 3.994254622 	 8.972466304
20.231126559 	                     70.732803846 	 4.000943585 	 9.069027496
20.545136456 	                     73.343130307 	 4.007632548 	 9.166877417
20.864020142 	                     76.029270237 	 4.014321511 	 9.263236139
21.187853261 	                     78.792928678 	 4.021010474 	 9.359522384
21.516712636 	                     81.635843071 	 4.027699438 	 9.456312134
21.850676279 	                     84.559783796 	 4.034388401 	 9.551198261
22.189823415 	                     87.566554720 	 4.041077364 	 9.646332142
22.534234496 	                     90.657993750 	 4.047766327 	 9.740819026
22.883991226 	                     93.835973397 	 4.054455290 	 9.834333401
23.239176574 	                     97.101326411 	 4.061144254 	 9.928427456
23.599874800 	                    100.456661677 	 4.067833217 	 10.021973862
23.966171469 	                    103.904375400 	 4.074522180 	 10.114507677
24.338153475 	                    107.446485386 	 4.081211143 	 10.207612984
24.715909062 	                    111.085047018 	 4.087900107 	 10.299151842
25.099527841 	                    114.822153881 	 4.094589070 	 10.390630755
25.489100816 	                    118.659938386 	 4.101278033 	 10.481480080
25.884720403 	                    122.600572404 	 4.107966996 	 10.571427373
26.286480452 	                    126.646267920 	 4.114655959 	 10.662023721
26.694476271 	                    130.799277684 	 4.121344923 	 10.751400936
27.108804644 	                    135.061895879 	 4.128033886 	 10.840476784
27.529563861 	                    139.436458798 	 4.134722849 	 10.929661396
27.956853735 	                    143.925345533 	 4.141411812 	 11.017183508
28.390775630 	                    148.530978671 	 4.148100775 	 11.104753715
28.831432482 	                    153.255825003 	 4.154789739 	 11.191462183
29.278928826 	                    158.102396245 	 4.161478702 	 11.278185519
29.733370817 	                    163.073249766 	 4.168167665 	 11.364569584
30.194866261 	                    168.170989333 	 4.174856628 	 11.449843091
30.663524634 	                    173.398265862 	 4.181545591 	 11.535775108
31.139457113 	                    178.757778182 	 4.188234555 	 11.619576615
31.622776602 	                    184.252227714 	 4.194923518 	 11.704083665
