Energy [GeV] 			 E^2.flux [TeVcm^(-2)s^(-1)] 	 E^2.flux error (low) [TeVcm^(-2)s^(-1)] 	 E^2.flux error (up) [TeVcm^(-2)s^(-1)]
5.789000000e-15 	                  3.517082974e-14 	          0.000000000e+00 	                  0.000000000e+00
5.789000000e-15 	                  4.236103309e-14 	          1.485476039e-15 	                  1.491717535e-15
9.998430000e-07 	                  3.837271717e-12 	          1.061054313e-14 	                  9.986393539e-15
2.999115500e-07 	                  1.293862113e-11 	          3.120747981e-14 	                  3.120747981e-14
7.496755000e-07 	                  8.095220262e-12 	          1.872448789e-14 	                  1.872448789e-14
1.499764500e-06 	                  2.872960591e-12 	          1.123469273e-14 	                  1.123469273e-14
2.999115500e-06 	                  1.202736272e-12 	          1.123469273e-14 	                  1.061054313e-14
6.996420000e-06 	                  2.862974198e-12 	          3.183162940e-14 	                  3.120747981e-14
9.998430000e-07 	                  3.953363542e-12 	          8.738094346e-15 	                  8.738094346e-15
2.999115500e-07 	                  1.336928435e-11 	          2.496598385e-14 	                  3.120747981e-14
7.496755000e-07 	                  8.064012783e-12 	          1.248299192e-14 	                  1.872448789e-14
1.499764500e-06 	                  2.912282016e-12 	          9.986393539e-15 	                  9.986393539e-15
2.999115500e-06 	                  1.318203947e-12 	          9.986393539e-15 	                  1.061054313e-14
6.996420000e-06 	                  2.880450386e-12 	          2.746258223e-14 	                  2.746258223e-14
9.998430000e-07 	                  3.810433285e-12 	          7.489795154e-15 	                  8.113944750e-15
2.999115500e-07 	                  1.291989664e-11 	          2.496598385e-14 	                  2.496598385e-14
7.496755000e-07 	                  8.076495775e-12 	          1.248299192e-14 	                  1.248299192e-14
1.499764500e-06 	                  2.847994607e-12 	          8.113944750e-15 	                  8.738094346e-15
2.999115500e-06 	                  1.233943752e-12 	          8.738094346e-15 	                  8.738094346e-15
6.996420000e-06 	                  2.793069443e-12 	          2.371768465e-14 	                  2.371768465e-14
9.998430000e-07 	                  3.961477487e-12 	          9.362243943e-15 	                  9.362243943e-15
2.999115500e-07 	                  1.333807687e-11 	          3.120747981e-14 	                  3.120747981e-14
7.496755000e-07 	                  8.132669238e-12 	          1.248299192e-14 	                  1.872448789e-14
1.499764500e-06 	                  2.916026913e-12 	          9.986393539e-15 	                  1.061054313e-14
2.999115500e-06 	                  1.294486262e-12 	          1.061054313e-14 	                  1.123469273e-14
6.996420000e-06 	                  2.888564331e-12 	          2.933503102e-14 	                  2.933503102e-14
9.998430000e-07 	                  3.863486000e-12 	          7.489795154e-15 	                  7.489795154e-15
2.999115500e-07 	                  1.286372318e-11 	          2.496598385e-14 	                  2.496598385e-14
7.496755000e-07 	                  8.157635222e-12 	          1.248299192e-14 	                  1.248299192e-14
1.499764500e-06 	                  2.864846646e-12 	          8.113944750e-15 	                  8.113944750e-15
2.999115500e-06 	                  1.233319602e-12 	          8.113944750e-15 	                  8.113944750e-15
6.996420000e-06 	                  2.902295622e-12 	          2.309353506e-14 	                  2.309353506e-14
9.998430000e-07 	                  3.861613552e-12 	          8.113944750e-15 	                  8.113944750e-15
2.999115500e-07 	                  1.298855310e-11 	          2.496598385e-14 	                  2.496598385e-14
7.496755000e-07 	                  8.132669238e-12 	          1.248299192e-14 	                  1.248299192e-14
1.499764500e-06 	                  2.881698686e-12 	          9.362243943e-15 	                  8.738094346e-15
2.999115500e-06 	                  1.259533885e-12 	          9.362243943e-15 	                  8.738094346e-15
6.996420000e-06 	                  2.873584741e-12 	          2.496598385e-14 	                  2.559013344e-14
9.998430000e-07 	                  2.394237851e-12 	          5.742176285e-13 	                  5.748417781e-13
9.998430000e-07 	                  8.070254279e-12 	          8.176359710e-13 	                  8.176359710e-13
2.999115500e-06 	                  1.001135952e-11 	          9.611903781e-13 	                  9.674318741e-13
4.999215000e-06 	                  5.068718871e-12 	          1.657741327e-12 	                  1.659613776e-12
9.998430000e-07 	                  6.809472094e-12 	          6.853162566e-13 	                  6.803230598e-13
2.999115500e-06 	                  7.296308779e-12 	          7.427380194e-13 	                  7.489795154e-13
4.999215000e-06 	                  1.649627383e-12 	          8.257499157e-13 	                  8.251257661e-13
9.998430000e-07 	                  1.303848506e-11 	          6.303910921e-13 	                  6.366325881e-13
9.998430000e-07 	                  9.749216692e-12 	          2.371768465e-13 	                  2.371768465e-13
9.998430000e-07 	                  1.028598534e-11 	          1.560373990e-13 	                  1.560373990e-13
9.998430000e-07 	                  9.817873148e-12 	          1.185884233e-13 	                  1.123469273e-13
2.999115500e-06 	                  8.738094346e-12 	          6.241495962e-14 	                  5.617346366e-14
4.999215000e-07 	                  1.682083162e-11 	          1.373129112e-13 	                  1.373129112e-13
1.499764500e-06 	                  3.806064237e-12 	          5.118026689e-14 	                  5.180441648e-14
4.498880000e-06 	                  1.773833152e-12 	          4.244217254e-14 	                  4.306632214e-14
2.999115500e-06 	                  1.843737907e-12 	          1.185884233e-14 	                  1.248299192e-14
4.999215000e-07 	                  7.795628456e-12 	          6.865645558e-14 	                  6.241495962e-14
1.499764500e-06 	                  3.165686752e-12 	          4.244217254e-14 	                  4.181802294e-14
4.498880000e-06 	                  1.299479459e-12 	          3.058333021e-14 	                  3.120747981e-14
9.998430000e-07 	                  3.721804042e-12 	          1.691445406e-13 	                  1.685203910e-13
9.998430000e-07 	                  3.118875532e-12 	          1.448027063e-13 	                  1.441785567e-13
9.998430000e-07 	                  4.259820994e-12 	          4.818434882e-13 	                  4.824676378e-13
8.270000000e-16 	                  1.887428379e-14 	          1.872448789e-17 	                  1.872448789e-17
6.202500000e-16 	                  1.265775381e-14 	          1.267023680e-15 	                  1.260782184e-15
3.059900000e-16 	                  1.127838320e-14 	          6.241495962e-17 	                  6.241495962e-17
8.270000000e-14 	                  5.916938172e-14 	          2.122108627e-15 	                  2.122108627e-15
9.097000000e-14 	                  8.788026314e-14 	          5.492516446e-15 	                  5.492516446e-15
1.314930000e-15 	                  2.439176622e-14 	          9.736733700e-16 	                  9.736733700e-16
1.298390000e-13 	                  5.683506223e-14 	          1.567863786e-14 	                  1.569112085e-14
3.343147500e-14 	                  5.853899063e-14 	          5.554931406e-15 	                  5.561172902e-15
1.314930000e-15 	                  2.461021858e-14 	          1.229574704e-15 	                  1.229574704e-15
6.161150000e-14 	                  6.322635409e-14 	          9.174999064e-16 	                  9.362243943e-16
5.830350000e-15 	                  4.787227403e-14 	          1.142193761e-15 	                  1.148435257e-15
4.341750000e-14 	                  6.160356514e-14 	          3.932142456e-15 	                  3.932142456e-15
2.071221500e-14 	                  6.285186433e-14 	          1.260782184e-15 	                  1.248299192e-15
1.033750000e-16 	                  6.522363280e-15 	          1.045450574e-15 	                  1.048571322e-15
5.789000000e-17 	                  7.302550275e-15 	          1.972312724e-15 	                  1.978554220e-15
2.625725000e-15 	                  3.737407782e-14 	          1.110986281e-15 	                  1.110986281e-15
3.308000000e-16 	                  1.198367225e-14 	          1.997278708e-15 	                  1.997278708e-15
1.687080000e-15 	                  2.668863673e-14 	          8.176359710e-16 	                  8.113944750e-16
7.360300000e-16 	                  1.988540613e-14 	          1.997278708e-15 	                  2.003520204e-15
2.067500000e-14 	                  5.898213684e-14 	          2.808673183e-15 	                  2.808673183e-15
1.116450000e-14 	                  5.291540276e-14 	          1.853724301e-15 	                  1.853724301e-15
5.789000000e-15 	                  4.369047173e-14 	          2.621428304e-15 	                  2.621428304e-15
4.341750000e-14 	                  6.946785005e-14 	          3.932142456e-15 	                  3.932142456e-15
2.067500000e-14 	                  5.710968805e-14 	          6.241495962e-16 	                  6.241495962e-16
1.114382500e-14 	                  5.079953563e-14 	          8.426019548e-16 	                  8.426019548e-16
3.101250000e-15 	                  3.787339750e-14 	          5.180441648e-16 	                  5.118026689e-16
3.969600000e-15 	                  4.086307406e-14 	          7.801869952e-16 	                  7.801869952e-16
5.789000000e-15 	                  4.403999551e-14 	          1.223333209e-15 	                  1.223333209e-15
3.101250000e-15 	                  3.557652698e-14 	          1.872448789e-15 	                  1.872448789e-15
2.729100000e-14 	                  7.046648941e-14 	          4.119387335e-15 	                  4.119387335e-15
1.687080000e-15 	                  2.572120486e-14 	          6.416257849e-15 	                  6.416257849e-15
2.729100000e-14 	                  7.333757755e-14 	          4.119387335e-15 	                  4.119387335e-15
1.116450000e-14 	                  5.139871925e-14 	          2.527805865e-15 	                  2.527805865e-15
1.095775000e-14 	                  5.259708647e-14 	          4.993196769e-16 	                  4.930781810e-16
7.360300000e-16 	                  1.917387559e-14 	          1.884931780e-15 	                  1.891173276e-15
4.424450000e-14 	                  6.809472094e-14 	          2.683843264e-15 	                  2.683843264e-15
1.114382500e-14 	                  4.709832853e-14 	          3.701207105e-15 	                  3.701207105e-15
1.935180000e-15 	                  3.271792183e-14 	          2.484115393e-15 	                  2.477873897e-15
6.616000000e-16 	                  2.137088217e-14 	          3.195645932e-15 	                  3.195645932e-15
1.116450000e-14 	                  5.375800472e-14 	          5.055611729e-16 	                  5.055611729e-16
2.071221500e-14 	                  6.190315695e-14 	          2.814914679e-15 	                  2.821156175e-15
8.270000000e-17 	                  8.750577338e-15 	          1.398095095e-15 	                  1.398095095e-15
6.616000000e-17 	                  1.449275362e-14 	          3.919659464e-15 	                  3.913417968e-15
3.667745000e-14 	                  6.640951703e-14 	          2.746258223e-15 	                  2.808673183e-15
1.984800000e-14 	                  6.108552098e-14 	          2.964710582e-15 	                  2.952227590e-15
4.135000000e-13 	                  1.893669875e-13 	          3.382890811e-14 	                  3.382890811e-14
5.913050000e-13 	                  1.952964086e-13 	          2.989676566e-14 	                  2.983435070e-14
8.972950000e-13 	                  9.643111261e-13 	          4.369047173e-14 	                  4.306632214e-14
1.459655000e-12 	                  5.603615074e-12 	          1.242057696e-13 	                  1.235816200e-13
1.240500000e-13 	                  5.236615112e-14 	          1.220836610e-14 	                  1.223333209e-14
2.894500000e-13 	                  9.973910547e-14 	          3.052091525e-14 	                  3.058333021e-14
4.135000000e-13 	                  1.483603590e-13 	          2.228214058e-14 	                  2.228214058e-14
5.913050000e-13 	                  1.713290642e-13 	          3.420339787e-14 	                  3.420339787e-14
8.972950000e-13 	                  9.742975196e-13 	          5.867006204e-14 	                  5.867006204e-14
1.459655000e-12 	                  6.940543509e-12 	          1.622788950e-13 	                  1.622788950e-13
2.253575000e-12 	                  4.438327778e-11 	          5.180441648e-13 	                  5.118026689e-13
3.543695000e-12 	                  2.934751401e-10 	          1.560373990e-12 	                  1.560373990e-12
1.033750000e-10 	                  5.976232383e-09 	          2.989676566e-10 	                  2.964710582e-10
4.962000000e-11 	                  6.503638792e-09 	          2.621428304e-10 	                  2.621428304e-10
2.067500000e-11 	                  5.798349748e-09 	          4.637431500e-10 	                  4.618707012e-10
1.240500000e-11 	                  4.503239336e-09 	          3.601343170e-10 	                  3.601343170e-10
5.743515000e-10 	                  7.240135316e-10 	          1.560373990e-11 	                  1.622788950e-11
7.459540000e-10 	                  2.613314359e-10 	          2.758741215e-11 	                  3.083299005e-11
1.003564500e-09 	                  2.123981076e-10 	          1.941105244e-11 	                  2.134591619e-11
3.645829500e-10 	                  3.672496224e-09 	          6.097941555e-10 	                  7.302550275e-10
2.694779500e-10 	                  4.245465553e-09 	          1.036712479e-09 	                  1.371880812e-09
5.636005000e-11 	                  7.689523025e-09 	          6.241495962e-12 	                  1.248299192e-11
3.645829500e-10 	                  3.967718983e-09 	          2.683843264e-10 	                  2.877329638e-10
2.694779500e-10 	                  4.829669575e-09 	          2.465390905e-10 	                  2.602703816e-10
1.032923000e-10 	                  8.245016165e-09 	          1.504200527e-09 	                  1.828758317e-09
5.636005000e-11 	                  9.081376624e-09 	          2.496598385e-11 	                  2.496598385e-11
3.645829500e-10 	                  3.740528530e-09 	          3.663758130e-10 	                  4.063213871e-10
2.694779500e-10 	                  4.557540351e-09 	          2.727533735e-10 	                  2.902295622e-10
1.032923000e-10 	                  8.294948133e-09 	          8.862924266e-10 	                  9.923978579e-10
5.636005000e-11 	                  7.364965235e-09 	          1.248299192e-11 	                  1.248299192e-11
3.645829500e-10 	                  3.706200302e-09 	          1.666479422e-10 	                  1.747618869e-10
2.694779500e-10 	                  3.998926463e-09 	          2.009761700e-10 	                  2.115867131e-10
3.645829500e-10 	                  3.294261569e-09 	          1.859965797e-10 	                  1.966071228e-10
2.694779500e-10 	                  5.132382129e-09 	          5.030645745e-10 	                  5.579897390e-10
3.645829500e-10 	                  3.852251308e-09 	          2.665118776e-10 	                  2.871088142e-10
2.694779500e-10 	                  3.889700283e-09 	          3.488996243e-10 	                  3.832278521e-10
3.645829500e-10 	                  3.371031969e-09 	          2.683843264e-10 	                  2.914778614e-10
2.694779500e-10 	                  4.308504662e-09 	          4.612465516e-10 	                  5.167958656e-10
5.636005000e-11 	                  1.004880850e-08 	          3.744897577e-11 	                  3.744897577e-11
3.645829500e-10 	                  3.246202050e-09 	          2.334319490e-10 	                  2.509081377e-10
3.645829500e-10 	                  3.549538753e-09 	          3.832278521e-10 	                  4.294149222e-10
2.694779500e-10 	                  4.356564181e-09 	          1.922380756e-10 	                  2.009761700e-10
3.645829500e-10 	                  4.735422986e-09 	          4.369047173e-10 	                  4.805951891e-10
2.694779500e-10 	                  7.389931219e-09 	          2.857356851e-09 	                  4.662397483e-09
3.645829500e-10 	                  4.521963824e-09 	          2.309353506e-10 	                  2.440424921e-10
2.694779500e-10 	                  4.515722328e-09 	          3.819795529e-10 	                  4.175560798e-10
3.645829500e-10 	                  3.880962189e-09 	          1.847482805e-10 	                  1.941105244e-10
3.645829500e-10 	                  3.841640764e-09 	          2.559013344e-10 	                  2.752499719e-10
3.645829500e-10 	                  4.201150932e-09 	          5.118026689e-10 	                  5.823315732e-10
2.694779500e-10 	                  6.996716973e-09 	          1.537280455e-09 	                  1.966071228e-09
3.645829500e-10 	                  4.131870327e-09 	          5.398894007e-10 	                  6.210288482e-10
2.694779500e-10 	                  7.009199965e-09 	          2.016627345e-09 	                  2.827397671e-09
3.645829500e-10 	                  3.775480907e-09 	          1.535408007e-10 	                  1.597822966e-10
1.032923000e-10 	                  8.413536556e-09 	          7.364965235e-10 	                  7.989114831e-10
3.645829500e-10 	                  3.877217291e-09 	          1.260782184e-10 	                  1.310714152e-10
3.645829500e-10 	                  3.884707087e-09 	          5.355203535e-10 	                  6.210288482e-10
2.694779500e-10 	                  6.909336030e-09 	          2.484115393e-09 	                  3.882210488e-09
3.645829500e-10 	                  4.787851552e-09 	          2.571496336e-10 	                  2.721292239e-10
2.694779500e-10 	                  7.046648941e-09 	          9.886529603e-10 	                  1.148435257e-09
3.645829500e-10 	                  3.288020073e-09 	          2.752499719e-10 	                  3.008401054e-10
1.032923000e-10 	                  8.245016165e-09 	          5.867006204e-10 	                  6.241495962e-10
5.636005000e-11 	                  9.362243943e-09 	          3.744897577e-11 	                  3.120747981e-11
3.645829500e-10 	                  3.641912894e-09 	          2.115867131e-10 	                  2.246938546e-10
1.032923000e-10 	                  8.956546705e-09 	          2.271904530e-09 	                  3.033367037e-09
5.636005000e-11 	                  8.313672621e-09 	          2.496598385e-11 	                  1.872448789e-11
3.645829500e-10 	                  4.674880475e-09 	          4.780985907e-10 	                  5.317754559e-10
2.694779500e-10 	                  6.603502728e-09 	          2.162054201e-09 	                  3.220611916e-09
3.645829500e-10 	                  3.380394213e-09 	          3.563894194e-10 	                  3.982074424e-10
2.694779500e-10 	                  6.759540127e-09 	          1.310090002e-09 	                  1.629030446e-09
3.645829500e-10 	                  4.128125429e-09 	          2.758741215e-10 	                  2.952227590e-10
2.694779500e-10 	                  6.222147324e-09 	          2.318091600e-09 	                  3.695589759e-09
3.645829500e-10 	                  3.324844899e-09 	          2.165799099e-10 	                  2.309353506e-10
3.645829500e-10 	                  5.111161043e-09 	          4.362805677e-10 	                  4.780985907e-10
2.694779500e-10 	                  6.272703442e-09 	          2.214482767e-09 	                  3.426581283e-09
3.645829500e-10 	                  4.809696788e-09 	          1.947346740e-10 	                  2.040969179e-10
2.694779500e-10 	                  7.521002634e-09 	          9.674318741e-10 	                  1.117227777e-09
3.645829500e-10 	                  4.008288707e-09 	          2.883571134e-10 	                  3.102023493e-10
3.645829500e-10 	                  4.120635634e-09 	          4.450186621e-10 	                  4.980713777e-10
1.032923000e-10 	                  8.294948133e-09 	          5.679761325e-10 	                  6.116666043e-10
5.636005000e-11 	                  7.333757755e-09 	          1.248299192e-11 	                  1.248299192e-11
3.645829500e-10 	                  3.771736010e-09 	          2.390492953e-10 	                  2.546530352e-10
2.694779500e-10 	                  6.722091151e-09 	          6.971750989e-10 	                  7.801869952e-10
3.645829500e-10 	                  4.267310789e-09 	          2.259421538e-10 	                  2.384251457e-10
2.694779500e-10 	                  7.052890437e-09 	          1.159669950e-09 	                  1.385612104e-09
3.645829500e-10 	                  3.529565966e-09 	          2.415458937e-10 	                  2.596462320e-10
2.694779500e-10 	                  4.035751289e-09 	          1.778826349e-10 	                  1.866207293e-10
3.645829500e-10 	                  3.183787090e-09 	          1.934863748e-10 	                  2.059693667e-10
5.636005000e-11 	                  8.450985532e-09 	          1.872448789e-11 	                  1.248299192e-11
3.645829500e-10 	                  3.297382317e-09 	          1.803792333e-10 	                  1.903656268e-10
5.636005000e-11 	                  8.263740653e-09 	          1.248299192e-11 	                  1.872448789e-11
3.645829500e-10 	                  4.037623738e-09 	          2.378009961e-10 	                  2.534047360e-10
2.694779500e-10 	                  4.020771699e-09 	          2.471632401e-10 	                  2.640152792e-10
1.032923000e-10 	                  8.444744036e-09 	          9.362243943e-10 	                  1.042329826e-09
5.636005000e-11 	                  9.043927649e-09 	          3.120747981e-11 	                  3.744897577e-11
3.645829500e-10 	                  3.942128849e-09 	          2.627669800e-10 	                  2.821156175e-10
1.032923000e-10 	                  8.213808686e-09 	          5.118026689e-10 	                  5.430101487e-10
5.636005000e-11 	                  7.127788388e-09 	          6.241495962e-12 	                  6.241495962e-12
3.645829500e-10 	                  3.032118738e-09 	          2.128350123e-10 	                  2.290629018e-10
2.694779500e-10 	                  4.080690060e-09 	          1.547890999e-10 	                  1.610305958e-10
1.032923000e-10 	                  8.195084198e-09 	          8.738094346e-10 	                  9.861563620e-10
5.636005000e-11 	                  7.464829170e-09 	          2.496598385e-11 	                  1.872448789e-11
3.645829500e-10 	                  3.445929920e-09 	          2.446666417e-10 	                  2.640152792e-10
2.694779500e-10 	                  4.578761438e-09 	          2.421700433e-10 	                  2.559013344e-10
1.032923000e-10 	                  8.382329077e-09 	          1.023605338e-09 	                  1.160918249e-09
5.636005000e-11 	                  7.602142081e-09 	          2.496598385e-11 	                  1.872448789e-11
3.645829500e-10 	                  3.377273465e-09 	          1.785067845e-10 	                  1.884931780e-10
2.694779500e-10 	                  4.583130485e-09 	          3.726173089e-10 	                  4.050730879e-10
1.032923000e-10 	                  8.288706637e-09 	          5.055611729e-10 	                  5.367686527e-10
5.636005000e-11 	                  9.043927649e-09 	          2.496598385e-11 	                  2.496598385e-11
3.645829500e-10 	                  3.754259821e-09 	          4.019523399e-10 	                  4.506360084e-10
2.694779500e-10 	                  3.958356739e-09 	          2.777465703e-10 	                  2.989676566e-10
1.032923000e-10 	                  8.494676004e-09 	          7.364965235e-10 	                  8.113944750e-10
5.636005000e-11 	                  6.447465328e-09 	          3.744897577e-11 	                  3.120747981e-11
3.645829500e-10 	                  3.371031969e-09 	          2.016003196e-10 	                  2.147074611e-10
2.694779500e-10 	                  5.252218852e-09 	          4.618707012e-10 	                  5.068094721e-10
1.032923000e-10 	                  8.220050182e-09 	          1.641513438e-09 	                  2.053452171e-09
5.636005000e-11 	                  7.602142081e-09 	          2.496598385e-11 	                  1.872448789e-11
3.645829500e-10 	                  2.827397671e-09 	          1.791309341e-10 	                  1.909897764e-10
2.694779500e-10 	                  3.766742813e-09 	          2.615186808e-10 	                  2.802431687e-10
1.032923000e-10 	                  8.426019548e-09 	          8.051529791e-10 	                  8.925339225e-10
5.636005000e-11 	                  8.569573955e-09 	          4.369047173e-11 	                  3.744897577e-11
3.645829500e-10 	                  3.775480907e-09 	          4.075696863e-10 	                  4.562533548e-10
2.694779500e-10 	                  4.400878803e-09 	          1.828758317e-10 	                  1.903656268e-10
1.032923000e-10 	                  8.413536556e-09 	          5.617346366e-10 	                  5.991836123e-10
5.636005000e-11 	                  8.625747419e-09 	          2.496598385e-11 	                  1.872448789e-11
3.645829500e-10 	                  3.163190153e-09 	          1.310714152e-10 	                  1.373129112e-10
2.694779500e-10 	                  3.745521727e-09 	          1.616547454e-10 	                  1.697686902e-10
1.032923000e-10 	                  8.301189629e-09 	          7.552210114e-10 	                  8.363604589e-10
5.636005000e-11 	                  7.677040033e-09 	          1.872448789e-11 	                  2.496598385e-11
2.577345500e-09 	                  1.269520279e-10 	          3.120747981e-13 	                  3.120747981e-13
2.009196500e-09 	                  9.031444657e-11 	          6.241495962e-14 	                  6.241495962e-14
1.648624500e-09 	                  4.797837946e-11 	          4.369047173e-14 	                  4.369047173e-14
1.431537000e-09 	                  2.813042230e-11 	          4.993196769e-14 	                  4.369047173e-14
1.288466000e-09 	                  1.164663146e-10 	          1.123469273e-11 	                  1.242057696e-11
3.474227000e-09 	                  2.089028698e-10 	          4.369047173e-13 	                  4.369047173e-13
2.664180500e-09 	                  6.048009587e-10 	          4.306632214e-12 	                  4.369047173e-12
2.016226000e-09 	                  6.921819022e-10 	          4.993196769e-12 	                  4.993196769e-12
1.659789000e-09 	                  3.475889101e-10 	          6.865645558e-13 	                  6.865645558e-13
1.398457000e-09 	                  4.065086320e-10 	          8.738094346e-13 	                  9.362243943e-13
8.054980000e-09 	                  3.402863598e-10 	          6.241495962e-13 	                  5.617346366e-13
5.557440000e-09 	                  1.663358674e-10 	          3.744897577e-13 	                  3.120747981e-13
5.557440000e-09 	                  1.715163090e-10 	          4.369047173e-13 	                  3.744897577e-13
3.540800500e-09 	                  8.756818834e-11 	          3.120747981e-13 	                  2.496598385e-13
5.557440000e-09 	                  1.899287221e-10 	          3.744897577e-13 	                  4.369047173e-13
3.540800500e-09 	                  8.269982149e-11 	          1.872448789e-13 	                  2.496598385e-13
5.846890000e-09 	                  1.098503289e-10 	          1.872448789e-13 	                  1.872448789e-13
4.999215000e-05 	                  8.825475290e-12 	          5.180441648e-13 	                  5.804591244e-13
9.998430000e-05 	                  9.998876531e-12 	          5.867006204e-13 	                  6.553570760e-13
