Energy [GeV] 	 E^2.flux (best-fit) [TeVcm^(-2)s^(-1)] 	 E^2.flux (95%-low) [TeVcm^(-2)s^(-1)] 	 E^2.flux (95%-up) [TeVcm^(-2)s^(-1)]
1500.000000000 	 3.104250933e-11 	                  1.046721186e-11 	                  5.222867575e-11
1517.456969649 	 3.061626297e-11 	                  1.037980576e-11 	                  5.142985616e-11
1535.117103158 	 3.019586943e-11 	                  1.029249539e-11 	                  5.064426637e-11
1552.982764943 	 2.978124833e-11 	                  1.020591943e-11 	                  4.987308962e-11
1571.056346939 	 2.937232041e-11 	                  1.012007171e-11 	                  4.911409902e-11
1589.340268916 	 2.896900751e-11 	                  1.003494610e-11 	                  4.836679435e-11
1607.836978808 	 2.857123252e-11 	                  9.950536537e-12 	                  4.763441381e-11
1626.548953034 	 2.817891940e-11 	                  9.866836986e-12 	                  4.691312313e-11
1645.478696839 	 2.779199314e-11 	                  9.783841479e-12 	                  4.620626711e-11
1664.628744618 	 2.741037980e-11 	                  9.701544094e-12 	                  4.551012393e-11
1684.001660266 	 2.703400641e-11 	                  9.619544969e-12 	                  4.482781841e-11
1703.600037515 	 2.666280102e-11 	                  9.537891346e-12 	                  4.415586030e-11
1723.426500281 	 2.629669267e-11 	                  9.456930824e-12 	                  4.349729580e-11
1743.483703020 	 2.593561138e-11 	                  9.376657519e-12 	                  4.284859810e-11
1763.774331078 	 2.557948811e-11 	                  9.297065599e-12 	                  4.221031845e-11
1784.301101055 	 2.522825479e-11 	                  9.218149278e-12 	                  4.158311411e-11
1805.066761166 	 2.488184427e-11 	                  9.139902824e-12 	                  4.096613411e-11
1826.074091609 	 2.454019034e-11 	                  9.061993713e-12 	                  4.035979961e-11
1847.325904939 	 2.420322767e-11 	                  8.984377368e-12 	                  3.976404775e-11
1868.825046443 	 2.387089186e-11 	                  8.907425810e-12 	                  3.917890206e-11
1890.574394520 	 2.354311936e-11 	                  8.831133346e-12 	                  3.860356912e-11
1912.576861070 	 2.321984753e-11 	                  8.755494329e-12 	                  3.803891984e-11
1934.835391880 	 2.290101456e-11 	                  8.680503164e-12 	                  3.748322822e-11
1957.352967022 	 2.258655950e-11 	                  8.606154301e-12 	                  3.693578472e-11
1980.132601247 	 2.227642225e-11 	                  8.532442239e-12 	                  3.639695765e-11
2003.177344395 	 2.197054350e-11 	                  8.458980384e-12 	                  3.586802859e-11
2026.490281797 	 2.166886479e-11 	                  8.385879810e-12 	                  3.534748650e-11
2050.074534693 	 2.137132845e-11 	                  8.313347936e-12 	                  3.483650473e-11
2073.933260647 	 2.107787759e-11 	                  8.240874295e-12 	                  3.433430966e-11
2098.069653971 	 2.078845613e-11 	                  8.169026265e-12 	                  3.384059336e-11
2122.486946152 	 2.050300873e-11 	                  8.097804642e-12 	                  3.335427848e-11
2147.188406285 	 2.022148082e-11 	                  8.027203965e-12 	                  3.287571505e-11
2172.177341512 	 1.994381858e-11 	                  7.957218819e-12 	                  3.240548085e-11
2197.457097461 	 1.966996894e-11 	                  7.887811487e-12 	                  3.194327884e-11
2223.031058698 	 1.939987954e-11 	                  7.818436491e-12 	                  3.148881867e-11
2248.902649179 	 1.913349876e-11 	                  7.749671662e-12 	                  3.104157832e-11
2275.075332706 	 1.887077566e-11 	                  7.681511635e-12 	                  3.060231515e-11
2301.552613395 	 1.861166003e-11 	                  7.613633280e-12 	                  3.016926791e-11
2328.338036141 	 1.835610233e-11 	                  7.546085676e-12 	                  2.974300353e-11
2355.435187094 	 1.810405371e-11 	                  7.479137350e-12 	                  2.932379624e-11
2382.847694142 	 1.785546598e-11 	                  7.412782985e-12 	                  2.891107859e-11
2410.579227392 	 1.761029162e-11 	                  7.346576654e-12 	                  2.850576430e-11
2438.633499666 	 1.736848376e-11 	                  7.280834825e-12 	                  2.810698122e-11
2467.014266992 	 1.712999618e-11 	                  7.215681295e-12 	                  2.771554573e-11
2495.725329114 	 1.689478329e-11 	                  7.151110800e-12 	                  2.732966029e-11
2524.770529996 	 1.666280012e-11 	                  7.086912389e-12 	                  2.694918032e-11
2554.153758339 	 1.643400232e-11 	                  7.022950627e-12 	                  2.657427085e-11
2583.878948098 	 1.620834615e-11 	                  6.959540970e-12 	                  2.620633552e-11
2613.950079014 	 1.598578848e-11 	                  6.896195016e-12 	                  2.584492076e-11
2644.371177144 	 1.576628676e-11 	                  6.833425638e-12 	                  2.548905637e-11
2675.146315398 	 1.554979904e-11 	                  6.771227590e-12 	                  2.513851593e-11
2706.279614088 	 1.533628391e-11 	                  6.709595670e-12 	                  2.479329861e-11
2737.775241479 	 1.512570058e-11 	                  6.648524725e-12 	                  2.445380680e-11
2769.637414343 	 1.491800877e-11 	                  6.587980931e-12 	                  2.411944811e-11
2801.870398531 	 1.471316880e-11 	                  6.527041881e-12 	                  2.379102454e-11
2834.478509537 	 1.451114149e-11 	                  6.466631480e-12 	                  2.346760778e-11
2867.466113079 	 1.431188823e-11 	                  6.406635402e-12 	                  2.314920429e-11
2900.837625683 	 1.411537093e-11 	                  6.346848168e-12 	                  2.283575942e-11
2934.597515276 	 1.392155201e-11 	                  6.287541423e-12 	                  2.252655866e-11
2968.750301780 	 1.373039444e-11 	                  6.228383510e-12 	                  2.222302430e-11
3003.300557723 	 1.354186166e-11 	                  6.169672709e-12 	                  2.192427856e-11
3038.252908846 	 1.335591763e-11 	                  6.111180122e-12 	                  2.163037451e-11
3073.612034724 	 1.317252681e-11 	                  6.053213033e-12 	                  2.134075117e-11
3109.382669393 	 1.299165414e-11 	                  5.995336448e-12 	                  2.105505204e-11
3145.569601985 	 1.281326504e-11 	                  5.937809979e-12 	                  2.077407029e-11
3182.177677366 	 1.263732541e-11 	                  5.880577035e-12 	                  2.049776936e-11
3219.211796788 	 1.246380162e-11 	                  5.823719424e-12 	                  2.022614272e-11
3256.676918542 	 1.229266049e-11 	                  5.767139794e-12 	                  1.995834838e-11
3294.578058625 	 1.212386931e-11 	                  5.708572603e-12 	                  1.969420444e-11
3332.920291409 	 1.195739582e-11 	                  5.603197787e-12 	                  1.943475397e-11
3371.708750323 	 1.179320817e-11 	                  5.499435956e-12 	                  1.917902401e-11
3410.948628537 	 1.163127500e-11 	                  5.397127083e-12 	                  1.892760082e-11
3450.645179659 	 1.147156534e-11 	                  5.296433010e-12 	                  1.867973425e-11
3490.803718441 	 1.131404866e-11 	                  5.197150209e-12 	                  1.843536592e-11
3531.429621484 	 1.115869486e-11 	                  5.099375120e-12 	                  1.819451627e-11
3572.528327964 	 1.100547422e-11 	                  5.003076312e-12 	                  1.795788538e-11
3614.105340359 	 1.085435746e-11 	                  4.908596052e-12 	                  1.772470106e-11
3656.166225183 	 1.070531570e-11 	                  4.815759858e-12 	                  1.749489235e-11
3698.716613734 	 1.055832044e-11 	                  4.724166282e-12 	                  1.726869605e-11
3741.762202845 	 1.041334358e-11 	                  4.634314775e-12 	                  1.704573396e-11
3785.308755652 	 1.027035740e-11 	                  4.546172203e-12 	                  1.682664814e-11
3829.362102359 	 1.012933457e-11 	                  4.459147849e-12 	                  1.661039797e-11
3873.928141024 	 9.990248135e-12 	                  4.373751601e-12 	                  1.639725824e-11
3919.012838345 	 9.853071503e-12 	                  4.289990760e-12 	                  1.618734721e-11
3964.622230461 	 9.717778451e-12 	                  4.207771892e-12 	                  1.598093441e-11
4010.762423760 	 9.584343115e-12 	                  4.126655234e-12 	                  1.577792784e-11
4057.439595695 	 9.452739987e-12 	                  4.047102328e-12 	                  1.557753910e-11
4104.659995612 	 9.322943908e-12 	                  3.969083029e-12 	                  1.537970422e-11
4152.429945588 	 9.194930067e-12 	                  3.892567771e-12 	                  1.518455935e-11
4200.755841275 	 9.068673990e-12 	                  3.817183864e-12 	                  1.499312348e-11
4249.644152759 	 8.944151542e-12 	                  3.743129373e-12 	                  1.480451724e-11
4299.101425422 	 8.821338918e-12 	                  3.670511560e-12 	                  1.461869825e-11
4349.134280824 	 8.700212642e-12 	                  3.599302555e-12 	                  1.443527496e-11
4399.749417585 	 8.580749556e-12 	                  3.529272118e-12 	                  1.425472940e-11
4450.953612283 	 8.462926825e-12 	                  3.460410389e-12 	                  1.407696235e-11
4502.753720363 	 8.346721924e-12 	                  3.392867930e-12 	                  1.390141891e-11
4555.156677053 	 8.232112638e-12 	                  3.326643806e-12 	                  1.372820911e-11
4608.169498293 	 8.119077059e-12 	                  3.261712286e-12 	                  1.355765485e-11
4661.799281673 	 8.007593577e-12 	                  3.198048141e-12 	                  1.338969265e-11
4716.053207387 	 7.897640881e-12 	                  3.135626632e-12 	                  1.322440055e-11
4770.938539191 	 7.789197952e-12 	                  3.074190912e-12 	                  1.306136740e-11
4826.462625376 	 7.682244058e-12 	                  3.013841482e-12 	                  1.290047921e-11
4882.632899753 	 7.576758753e-12 	                  2.954676771e-12 	                  1.274236851e-11
4939.456882646 	 7.472721873e-12 	                  2.896673522e-12 	                  1.258638381e-11
4996.942181902 	 7.370113530e-12 	                  2.839808935e-12 	                  1.243234082e-11
5055.096493908 	 7.268914106e-12 	                  2.784060656e-12 	                  1.228025770e-11
5113.927604620 	 7.169104258e-12 	                  2.729406772e-12 	                  1.213073160e-11
5173.443390609 	 7.070664903e-12 	                  2.675592603e-12 	                  1.198330247e-11
5233.651820110 	 6.973577225e-12 	                  2.622782036e-12 	                  1.183800741e-11
5294.560954096 	 6.877822663e-12 	                  2.571013839e-12 	                  1.169482854e-11
5356.178947351 	 6.783382912e-12 	                  2.520267437e-12 	                  1.155345548e-11
5418.514049564 	 6.690239918e-12 	                  2.470522662e-12 	                  1.141379141e-11
5481.574606436 	 6.598375876e-12 	                  2.421759744e-12 	                  1.127599819e-11
5545.369060793 	 6.507773223e-12 	                  2.373959304e-12 	                  1.114045776e-11
5609.905953718 	 6.418414641e-12 	                  2.327102344e-12 	                  1.100707018e-11
5675.193925698 	 6.330283046e-12 	                  2.280994371e-12 	                  1.087569444e-11
5741.241717774 	 6.243361591e-12 	                  2.235741682e-12 	                  1.074603851e-11
5808.058172719 	 6.157633659e-12 	                  2.191386762e-12 	                  1.061821228e-11
5875.652236214 	 6.073082861e-12 	                  2.147911800e-12 	                  1.049228982e-11
5944.032958052 	 5.989693036e-12 	                  2.105299339e-12 	                  1.036827610e-11
6013.209493348 	 5.907448240e-12 	                  2.063532267e-12 	                  1.024595225e-11
6083.191103761 	 5.826332752e-12 	                  2.022593812e-12 	                  1.012529340e-11
6153.987158741 	 5.746331065e-12 	                  1.982467537e-12 	                  1.000662416e-11
6225.607136776 	 5.667427886e-12 	                  1.943137327e-12 	                  9.889446176e-12
6298.060626666 	 5.589608130e-12 	                  1.904504782e-12 	                  9.773679009e-12
6371.357328805 	 5.512856922e-12 	                  1.866540000e-12 	                  9.659966118e-12
6445.507056481 	 5.437159588e-12 	                  1.829332016e-12 	                  9.547624200e-12
6520.519737188 	 5.362501659e-12 	                  1.792865743e-12 	                  9.436623722e-12
6596.405413954 	 5.288868862e-12 	                  1.757126397e-12 	                  9.327184438e-12
6673.174246691 	 5.216247120e-12 	                  1.722099485e-12 	                  9.219426174e-12
6750.836513551 	 5.144622552e-12 	                  1.687770808e-12 	                  9.113069675e-12
6829.402612300 	 5.073981464e-12 	                  1.654126444e-12 	                  9.008223775e-12
6908.883061718 	 5.004310353e-12 	                  1.621152755e-12 	                  8.904907667e-12
6989.288502997 	 4.935595900e-12 	                  1.588813962e-12 	                  8.803041898e-12
7070.629701175 	 4.867824969e-12 	                  1.557024133e-12 	                  8.702667871e-12
7152.917546572 	 4.800984603e-12 	                  1.525867527e-12 	                  8.603456386e-12
7236.163056248 	 4.735062027e-12 	                  1.495313655e-12 	                  8.505712981e-12
7320.377375482 	 4.670044637e-12 	                  1.465371591e-12 	                  8.409294250e-12
7405.571779259 	 4.605920004e-12 	                  1.436029086e-12 	                  8.314070716e-12
7491.757673783 	 4.542675870e-12 	                  1.407274133e-12 	                  8.220285324e-12
7578.946598004 	 4.480300144e-12 	                  1.379094967e-12 	                  8.127770076e-12
7667.150225160 	 4.418780903e-12 	                  1.351480060e-12 	                  8.036356372e-12
7756.380364345 	 4.358106386e-12 	                  1.324418111e-12 	                  7.946308585e-12
7846.648962084 	 4.298264994e-12 	                  1.297898049e-12 	                  7.857523434e-12
7937.968103938 	 4.239245287e-12 	                  1.271909023e-12 	                  7.769750546e-12
8030.350016116 	 4.181035984e-12 	                  1.246440399e-12 	                  7.683066154e-12
8123.807067119 	 4.123625955e-12 	                  1.221481758e-12 	                  7.597830072e-12
8218.351769391 	 4.067004226e-12 	                  1.197022887e-12 	                  7.513539602e-12
8313.996780995 	 4.011159973e-12 	                  1.173002400e-12 	                  7.430210874e-12
8410.754907308 	 3.956082521e-12 	                  1.149418880e-12 	                  7.348250056e-12
8508.639102738 	 3.901761340e-12 	                  1.126307954e-12 	                  7.267290872e-12
8607.662472454 	 3.848186046e-12 	                  1.103661710e-12 	                  7.187279021e-12
8707.838274142 	 3.795346398e-12 	                  1.081470806e-12 	                  7.108491898e-12
8809.179919784 	 3.743232293e-12 	                  1.059726086e-12 	                  7.030768183e-12
8911.700977448 	 3.691833770e-12 	                  1.038418579e-12 	                  6.954142156e-12
9015.415173106 	 3.641141003e-12 	                  1.017539494e-12 	                  6.878589723e-12
9120.336392474 	 3.591144301e-12 	                  9.970802161e-13 	                  6.803858119e-12
9226.478682871 	 3.541834107e-12 	                  9.770323054e-13 	                  6.729964270e-12
9333.856255095 	 3.493200993e-12 	                  9.573874904e-13 	                  6.657063725e-12
9442.483485333 	 3.445235663e-12 	                  9.381376662e-13 	                  6.585248520e-12
9552.374917078 	 3.397928948e-12 	                  9.192748908e-13 	                  6.514208044e-12
9663.545263082 	 3.351271804e-12 	                  9.007913820e-13 	                  6.444045776e-12
9776.009407324 	 3.305255311e-12 	                  8.826795141e-13 	                  6.374975252e-12
9889.782407000 	 3.259870674e-12 	                  8.649214832e-13 	                  6.306691263e-12
10004.879494545 	 3.215109215e-12 	                  8.474797044e-13 	                  6.239190674e-12
10121.316079666 	 3.170962378e-12 	                  8.303751955e-13 	                  6.172665532e-12
10239.107751409 	 3.127421724e-12 	                  8.136159033e-13 	                  6.107021178e-12
10358.270280243 	 3.084478929e-12 	                  7.971948605e-13 	                  6.042074931e-12
10478.819620178 	 3.042125784e-12 	                  7.811052402e-13 	                  5.977966974e-12
10600.771910891 	 3.000354192e-12 	                  7.653403534e-13 	                  5.914850950e-12
10724.143479896 	 2.959156168e-12 	                  7.498936461e-13 	                  5.852401311e-12
10848.950844725 	 2.918523836e-12 	                  7.347586965e-13 	                  5.790661488e-12
10975.210715141 	 2.878449429e-12 	                  7.199292125e-13 	                  5.729852626e-12
11102.939995373 	 2.838925286e-12 	                  7.053990290e-13 	                  5.669795025e-12
11232.155786385 	 2.799943851e-12 	                  6.911621051e-13 	                  5.610366919e-12
11362.875388158 	 2.761497672e-12 	                  6.772125222e-13 	                  5.551716030e-12
11495.116302011 	 2.723579400e-12 	                  6.635444808e-13 	                  5.493950769e-12
11628.896232944 	 2.686181785e-12 	                  6.501522987e-13 	                  5.436786551e-12
11764.233092007 	 2.649297679e-12 	                  6.370304083e-13 	                  5.380244093e-12
11901.144998696 	 2.612920031e-12 	                  6.241733543e-13 	                  5.324579700e-12
12039.650283386 	 2.577041886e-12 	                  6.115757915e-13 	                  5.269607689e-12
12179.767489776 	 2.541656386e-12 	                  5.992324828e-13 	                  5.215564971e-12
12321.515377379 	 2.506756766e-12 	                  5.871222601e-13 	                  5.162096335e-12
12464.912924030 	 2.472336355e-12 	                  5.752384984e-13 	                  5.109175846e-12
12609.979328427 	 2.438388572e-12 	                  5.635885427e-13 	                  5.056797885e-12
12756.734012704 	 2.404906928e-12 	                  5.521745265e-13 	                  5.004956888e-12
12905.196625027 	 2.371885023e-12 	                  5.409916714e-13 	                  4.953657018e-12
13055.387042228 	 2.339316542e-12 	                  5.300352958e-13 	                  4.903192399e-12
13207.325372465 	 2.307195262e-12 	                  5.193008131e-13 	                  4.853301741e-12
13361.031957916 	 2.275515040e-12 	                  5.087837294e-13 	                  4.803918727e-12
13516.527377498 	 2.244269821e-12 	                  4.984796417e-13 	                  4.755038192e-12
13673.832449626 	 2.213453632e-12 	                  4.883842365e-13 	                  4.706899332e-12
13832.968235001 	 2.183060582e-12 	                  4.784932874e-13 	                  4.659366588e-12
13993.956039427 	 2.153084860e-12 	                  4.688026536e-13 	                  4.612313854e-12
14156.817416663 	 2.123520737e-12 	                  4.593082784e-13 	                  4.565736284e-12
14321.574171312 	 2.094362560e-12 	                  4.500061870e-13 	                  4.519863288e-12
14488.248361738 	 2.065604756e-12 	                  4.408924852e-13 	                  4.474565634e-12
14656.862303020 	 2.037241826e-12 	                  4.319633576e-13 	                  4.429721950e-12
14827.438569938 	 2.009268350e-12 	                  4.232150663e-13 	                  4.385327684e-12
15000.000000000 	 1.981678978e-12 	                  4.146439488e-13 	                  4.341599966e-12
