Energy [GeV] 		 E^2.flux (95%-low) [TeVcm^(-2)s^(-1)] 	 E^2.flux (95%-up) [TeVcm^(-2)s^(-1)]
4999999.999999999 	 2.525673797e-11 	                  6.043037725e-11
4856151.438463374 	 2.561897984e-11 	                  6.088570045e-11
4716441.358657971 	 2.598641713e-11 	                  6.134445437e-11
4580750.697655012 	 2.635912434e-11 	                  6.180666484e-11
4448963.817931899 	 2.673717706e-11 	                  6.227235792e-11
4320968.408824291 	 2.712065196e-11 	                  6.274155985e-11
4196655.390813376 	 2.750962681e-11 	                  6.321429706e-11
4075918.822566691 	 2.790418048e-11 	                  6.369059619e-11
3958655.810653428 	 2.830439299e-11 	                  6.417129607e-11
3844766.421857208 	 2.871034550e-11 	                  6.465611431e-11
3734153.598011513 	 2.912212035e-11 	                  6.514459539e-11
3626723.073285352 	 2.953980102e-11 	                  6.563676698e-11
3522383.293848595 	 2.996347223e-11 	                  6.613265695e-11
3421045.339848442 	 3.039321990e-11 	                  6.663229341e-11
3322622.849630688 	 3.082601821e-11 	                  6.713570465e-11
3227031.946141062 	 3.126100357e-11 	                  6.764291919e-11
3134191.165444036 	 3.170212700e-11 	                  6.815396577e-11
3044021.387298052 	 3.214947511e-11 	                  6.866887334e-11
2956445.767728136 	 3.260313575e-11 	                  6.918767107e-11
2871389.673538390 	 3.306319798e-11 	                  6.971038835e-11
2788780.618708466 	 3.352975214e-11 	                  7.023705480e-11
2708548.202619974 	 3.400288983e-11 	                  7.076770024e-11
2630624.050060075 	 3.448270397e-11 	                  7.130235474e-11
2554941.752951117 	 3.496928875e-11 	                  7.184104859e-11
2481436.813756736 	 3.546273972e-11 	                  7.238381231e-11
2410046.590516149 	 3.596315377e-11 	                  7.293067664e-11
2340710.243459750 	 3.646324530e-11 	                  7.348167257e-11
2273368.683160599 	 3.696817345e-11 	                  7.403683131e-11
2207964.520177586 	 3.748009363e-11 	                  7.459618431e-11
2144442.016147296 	 3.799910268e-11 	                  7.515976325e-11
2082747.036282995 	 3.852529875e-11 	                  7.577316566e-11
2022827.003240199 	 3.905878137e-11 	                  7.640414465e-11
1964630.852309490 	 3.959965144e-11 	                  7.704037793e-11
1908108.987898447 	 4.014801126e-11 	                  7.768190927e-11
1853213.241265588 	 4.070396454e-11 	                  7.832878276e-11
1799896.829470251 	 4.126761643e-11 	                  7.898104291e-11
1748114.315503523 	 4.183907355e-11 	                  7.963873457e-11
1697821.569566170 	 4.241844397e-11 	                  8.030190296e-11
1648975.731460580 	 4.300583727e-11 	                  8.097059369e-11
1601535.174064695 	 4.359789957e-11 	                  8.164485275e-11
1555459.467856792 	 4.419413281e-11 	                  8.232472651e-11
1510709.346460847 	 4.479851998e-11 	                  8.301026171e-11
1467246.673183179 	 4.541117259e-11 	                  8.370150552e-11
1425034.408511819 	 4.603220368e-11 	                  8.439850545e-11
1384036.578550895 	 4.666172781e-11 	                  8.510130945e-11
1344218.244363171 	 4.729986115e-11 	                  8.580996584e-11
1305545.472194582 	 4.794672144e-11 	                  8.652452337e-11
1267985.304555414 	 4.860242801e-11 	                  8.724503116e-11
1231505.732133436 	 4.926710185e-11 	                  8.797153877e-11
1196075.666515135 	 4.993584051e-11 	                  8.870409616e-11
1161664.913691703 	 5.061113223e-11 	                  8.944275372e-11
1128244.148327279 	 5.129555604e-11 	                  9.018756222e-11
1095784.888767478 	 5.197828135e-11 	                  9.094043054e-11
1064259.472766923 	 5.265146856e-11 	                  9.172394424e-11
1033641.033915074 	 5.333337444e-11 	                  9.251420845e-11
1003903.478740289 	 5.402411190e-11 	                  9.331128133e-11
975021.464472608 	 5.472379531e-11 	                  9.411522153e-11
946970.377446264 	 5.543254055e-11 	                  9.492608822e-11
919726.312123575 	 5.614891230e-11 	                  9.579214294e-11
893266.050722302 	 5.686541268e-11 	                  9.668145124e-11
867567.043429121 	 5.759105613e-11 	                  9.757901564e-11
842607.389182347 	 5.832595931e-11 	                  9.848491278e-11
818365.817007545 	 5.906783345e-11 	                  9.939922002e-11
794821.667890089 	 5.981145634e-11 	                  1.003220154e-10
771954.877169261 	 6.054566083e-11 	                  1.012533779e-10
749745.957438865 	 6.127098574e-11 	                  1.021933868e-10
728175.981939769 	 6.199800668e-11 	                  1.031421225e-10
707226.568430256 	 6.273365420e-11 	                  1.040996660e-10
686879.863520421 	 6.347189273e-11 	                  1.050660991e-10
667118.527457244 	 6.418650137e-11 	                  1.060415043e-10
647925.719347413 	 6.490170214e-11 	                  1.070277588e-10
629285.082805270 	 6.562487206e-11 	                  1.080270765e-10
611180.732013671 	 6.635609993e-11 	                  1.090357249e-10
593597.238185856 	 6.709547554e-11 	                  1.100537910e-10
576519.616416826 	 6.784308967e-11 	                  1.110813628e-10
559933.312912985 	 6.859903413e-11 	                  1.121185290e-10
543824.192589191 	 6.936340173e-11 	                  1.131653793e-10
528178.527022636 	 7.013628632e-11 	                  1.142220039e-10
512982.982753288 	 7.091778282e-11 	                  1.153156867e-10
498224.609920921 	 7.170798717e-11 	                  1.164756273e-10
483890.831229067 	 7.250463459e-11 	                  1.176472355e-10
469969.431226454 	 7.328362376e-11 	                  1.188306287e-10
456448.545896832 	 7.404723444e-11 	                  1.200259254e-10
443316.652548282 	 7.481880189e-11 	                  1.212332454e-10
430562.559993422 	 7.557602740e-11 	                  1.224527097e-10
418175.399012105 	 7.633623358e-11 	                  1.236844403e-10
406144.613088526 	 7.710408655e-11 	                  1.249285607e-10
394459.949414799 	 7.787966322e-11 	                  1.261851954e-10
383111.450153373 	 7.866304128e-11 	                  1.274544705e-10
372089.443950818 	 7.945429920e-11 	                  1.287365130e-10
361384.537695760 	 8.024961291e-11 	                  1.300314513e-10
350987.608513938 	 8.104386159e-11 	                  1.314131803e-10
340889.795993555 	 8.181143417e-11 	                  1.328120145e-10
331082.494634318 	 8.257530719e-11 	                  1.342257386e-10
321557.346513697 	 8.334631250e-11 	                  1.356545113e-10
312306.234164191 	 8.412451667e-11 	                  1.371414592e-10
303321.273655503 	 8.490998694e-11 	                  1.386695636e-10
294594.807875742 	 8.569722637e-11 	                  1.402146950e-10
286119.400005925 	 8.646716239e-11 	                  1.417770431e-10
277887.827182210 	 8.724331531e-11 	                  1.433567997e-10
269893.074340470 	 8.802643519e-11 	                  1.449541588e-10
262128.328237955 	 8.881658458e-11 	                  1.465693166e-10
254586.971646949 	 8.961382656e-11 	                  1.482024713e-10
247262.577715473 	 9.041822480e-11 	                  1.498538235e-10
240148.904490231 	 9.122984355e-11 	                  1.515235760e-10
233239.889597128 	 9.204874760e-11 	                  1.532119337e-10
226529.645074826 	 9.287500236e-11 	                  1.549191041e-10
220012.452356943 	 9.370867381e-11 	                  1.566452967e-10
213682.757398604 	 9.454982853e-11 	                  1.583907234e-10
207535.165943210 	 9.539853367e-11 	                  1.601555986e-10
201564.438925371 	 9.625485703e-11 	                  1.619401391e-10
195765.488006100 	 9.711654506e-11 	                  1.637445638e-10
190133.371236462 	 9.795327020e-11 	                  1.655783410e-10
184663.288845967 	 9.879720429e-11 	                  1.675166640e-10
179350.579152144 	 9.964840945e-11 	                  1.695043605e-10
174190.714587784 	 1.005069483e-10 	                  1.715156423e-10
169179.297842486 	 1.013728841e-10 	                  1.735507893e-10
164312.058115203 	 1.022409476e-10 	                  1.756100846e-10
159584.847474604 	 1.030849687e-10 	                  1.776938149e-10
154993.637324151 	 1.039359574e-10 	                  1.798622222e-10
150534.514968869 	 1.047939712e-10 	                  1.820614729e-10
146203.680280892 	 1.056590682e-10 	                  1.842876149e-10
141997.442460939 	 1.065313066e-10 	                  1.865409768e-10
137912.216892961 	 1.074107456e-10 	                  1.888218915e-10
133944.522089285 	 1.082974445e-10 	                  1.911306959e-10
130090.976723634 	 1.091914634e-10 	                  1.934677310e-10
126348.296749517 	 1.100928625e-10 	                  1.958333421e-10
122713.292601512 	 1.110017029e-10 	                  1.982278784e-10
119182.866477082 	 1.119180460e-10 	                  2.006516938e-10
115754.009696574 	 1.128419537e-10 	                  2.031051461e-10
112423.800139184 	 1.137632943e-10 	                  2.055885979e-10
109189.399752684 	 1.146614419e-10 	                  2.081948236e-10
106048.052134789 	 1.155666803e-10 	                  2.108912208e-10
102997.080184119 	 1.164790655e-10 	                  2.136225399e-10
100033.883818727 	 1.173986539e-10 	                  2.163892332e-10
97155.937760278 	 1.183255022e-10 	                  2.191917589e-10
94360.789381967 	 1.192596680e-10 	                  2.220305809e-10
91646.056618355 	 1.202012088e-10 	                  2.249061694e-10
89009.425935344 	 1.211501831e-10 	                  2.278190006e-10
86448.650358544 	 1.221066493e-10 	                  2.307695567e-10
83961.547558372 	 1.230706668e-10 	                  2.337583265e-10
81545.997990240 	 1.240184969e-10 	                  2.367858048e-10
79199.943088247 	 1.249529359e-10 	                  2.398524928e-10
76921.383510842 	 1.258944156e-10 	                  2.429588986e-10
74708.377436953 	 1.268429890e-10 	                  2.461055364e-10
72559.038911145 	 1.277987096e-10 	                  2.492929273e-10
70471.536236375 	 1.287616312e-10 	                  2.525215991e-10
68444.090413000 	 1.297318081e-10 	                  2.557920865e-10
66474.973622681 	 1.307092950e-10 	                  2.591049309e-10
64562.507755919 	 1.316941470e-10 	                  2.624606811e-10
62705.062981942 	 1.326864195e-10 	                  2.658598927e-10
60901.056359739 	 1.336861684e-10 	                  2.693031285e-10
59148.950489057 	 1.346934501e-10 	                  2.727909588e-10
57447.252200207 	 1.357083214e-10 	                  2.763239611e-10
55794.511281560 	 1.367308393e-10 	                  2.799756355e-10
54189.319243662 	 1.377610617e-10 	                  2.837030801e-10
52630.308118892 	 1.387990464e-10 	                  2.874801498e-10
51116.149295666 	 1.398448520e-10 	                  2.913075055e-10
49645.552386171 	 1.408985374e-10 	                  2.952779554e-10
48217.264126683 	 1.419601619e-10 	                  2.993160980e-10
46830.067309511 	 1.430297855e-10 	                  3.034094651e-10
45482.779745684 	 1.441074683e-10 	                  3.075588120e-10
44174.253257463 	 1.451932711e-10 	                  3.117649043e-10
42903.372699855 	 1.462872551e-10 	                  3.160285179e-10
41669.055010266 	 1.473894819e-10 	                  3.203504396e-10
40470.248285503 	 1.485000136e-10 	                  3.247314668e-10
39305.930885323 	 1.496189129e-10 	                  3.291724077e-10
38175.110561781 	 1.507462426e-10 	                  3.336740817e-10
37076.823613618 	 1.518820664e-10 	                  3.382373195e-10
36010.134064985 	 1.530264483e-10 	                  3.428629628e-10
34974.132867787 	 1.541794527e-10 	                  3.475518652e-10
33967.937126982 	 1.553411447e-10 	                  3.523048918e-10
32990.689348166 	 1.565115896e-10 	                  3.571229195e-10
32041.556706799 	 1.576908534e-10 	                  3.620068373e-10
31119.730338465 	 1.588790026e-10 	                  3.669575463e-10
30224.424649546 	 1.600761041e-10 	                  3.719759598e-10
29354.876647724 	 1.612822254e-10 	                  3.770630038e-10
28510.345291752 	 1.624974344e-10 	                  3.822587212e-10
27690.110859926 	 1.637217996e-10 	                  3.875439448e-10
26893.474336728 	 1.649045575e-10 	                  3.929022435e-10
26119.756817116 	 1.660889957e-10 	                  3.983346276e-10
25368.298927950 	 1.672819413e-10 	                  4.038421215e-10
24638.460266067 	 1.684834552e-10 	                  4.094257637e-10
23929.618852516 	 1.696935991e-10 	                  4.150866070e-10
23241.170602506 	 1.709124350e-10 	                  4.208257188e-10
22572.528810586 	 1.721400252e-10 	                  4.266441812e-10
21923.123650657 	 1.733764327e-10 	                  4.325577111e-10
21292.401690349 	 1.746217208e-10 	                  4.386300148e-10
20679.825419386 	 1.758759532e-10 	                  4.447875624e-10
20084.872791504 	 1.771391943e-10 	                  4.510315504e-10
19507.036779564 	 1.784115086e-10 	                  4.573631924e-10
18945.824943447 	 1.796929615e-10 	                  4.637837189e-10
18400.759010399 	 1.809836185e-10 	                  4.702943775e-10
17871.374467434 	 1.822835457e-10 	                  4.768964337e-10
17357.220165469 	 1.835928097e-10 	                  4.835911704e-10
16857.857934854 	 1.849114776e-10 	                  4.903798888e-10
16372.862211950 	 1.862396169e-10 	                  4.972639081e-10
15901.819676465 	 1.875772956e-10 	                  5.043000646e-10
15444.328899210 	 1.889245824e-10 	                  5.114713669e-10
15000.000000000 	 1.902815461e-10 	                  5.187446473e-10
