Energy [GeV] 	 E^2.flux (best-fit) [TeVcm^(-2)s^(-1)] 	 E^2.flux (68%-low) [TeVcm^(-2)s^(-1)] 	 E^2.flux (68%-up) [TeVcm^(-2)s^(-1)]
40000.000000000 	 2.709220097e-13 	                  1.480203462e-14 	                  7.632225715e-13
40936.456084218 	 2.711235759e-13 	                  1.500899339e-14 	                  7.595255628e-13
41894.835918378 	 2.713252920e-13 	                  1.521884582e-14 	                  7.559003168e-13
42875.652768205 	 2.715271582e-13 	                  1.543163235e-14 	                  7.523700924e-13
43879.431915695 	 2.717291746e-13 	                  1.564739402e-14 	                  7.490222260e-13
44906.710940433 	 2.719313413e-13 	                  1.586617242e-14 	                  7.457050801e-13
45958.040007492 	 2.721336584e-13 	                  1.608800973e-14 	                  7.424026246e-13
47033.982162086 	 2.723361260e-13 	                  1.631294872e-14 	                  7.391189598e-13
48135.113631104 	 2.725387442e-13 	                  1.654103276e-14 	                  7.358930742e-13
49262.024131713 	 2.727415132e-13 	                  1.677230582e-14 	                  7.327229809e-13
50415.317187189 	 2.729444331e-13 	                  1.700681248e-14 	                  7.296474231e-13
51595.610450132 	 2.731475039e-13 	                  1.724459797e-14 	                  7.266214758e-13
52803.536033257 	 2.733507259e-13 	                  1.748570812e-14 	                  7.236669312e-13
54039.740847921 	 2.735540990e-13 	                  1.773018942e-14 	                  7.207889167e-13
55304.886950586 	 2.737576234e-13 	                  1.797808901e-14 	                  7.179572105e-13
56599.651897383 	 2.739612993e-13 	                  1.822945467e-14 	                  7.152114526e-13
57924.729106981 	 2.741651267e-13 	                  1.848433487e-14 	                  7.125220985e-13
59280.828231954 	 2.743691057e-13 	                  1.874277875e-14 	                  7.098832636e-13
60668.675538837 	 2.745732365e-13 	                  1.900483613e-14 	                  7.073329577e-13
62089.014297082 	 2.747775192e-13 	                  1.927055754e-14 	                  7.048243938e-13
63542.605177122 	 2.749819538e-13 	                  1.953999421e-14 	                  7.024572177e-13
65030.226657752 	 2.751865406e-13 	                  1.981319809e-14 	                  7.001104809e-13
66552.675443045 	 2.753912795e-13 	                  2.009022184e-14 	                  6.977715840e-13
68110.766889036 	 2.755961708e-13 	                  2.037111887e-14 	                  6.955228514e-13
69705.335440386 	 2.758012146e-13 	                  2.065594335e-14 	                  6.932917284e-13
71337.235077276 	 2.760064109e-13 	                  2.094475017e-14 	                  6.911297172e-13
73007.339772762 	 2.762117598e-13 	                  2.123759503e-14 	                  6.889931382e-13
74716.543960831 	 2.764172615e-13 	                  2.153453439e-14 	                  6.869414110e-13
76465.763015428 	 2.766229162e-13 	                  2.183562548e-14 	                  6.849278885e-13
78255.933740683 	 2.768287238e-13 	                  2.214092636e-14 	                  6.829711386e-13
80088.014872623 	 2.770346846e-13 	                  2.245049589e-14 	                  6.810787832e-13
81962.987592634 	 2.772407985e-13 	                  2.276439376e-14 	                  6.792185738e-13
83881.856052929 	 2.774470659e-13 	                  2.308268047e-14 	                  6.774425260e-13
85845.647914336 	 2.776534867e-13 	                  2.340541740e-14 	                  6.757011273e-13
87855.414896662 	 2.778600611e-13 	                  2.373266677e-14 	                  6.740160620e-13
89912.233341949 	 2.780667891e-13 	                  2.406449166e-14 	                  6.723919906e-13
92017.204790917 	 2.782736710e-13 	                  2.440095606e-14 	                  6.707989212e-13
94171.456572897 	 2.784807068e-13 	                  2.474212482e-14 	                  6.692884937e-13
96376.142409581 	 2.786878966e-13 	                  2.508806374e-14 	                  6.678165814e-13
98632.443032904 	 2.788952406e-13 	                  2.543883949e-14 	                  6.663937292e-13
100941.566817391 	 2.791027389e-13 	                  2.579451971e-14 	                  6.650299540e-13
103304.750427307 	 2.793103915e-13 	                  2.615517298e-14 	                  6.636963179e-13
105723.259478964 	 2.795181986e-13 	                  2.652086882e-14 	                  6.624429959e-13
108198.389218526 	 2.797261603e-13 	                  2.689167773e-14 	                  6.612224862e-13
110731.465215683 	 2.799342768e-13 	                  2.726767122e-14 	                  6.600539264e-13
113323.844073573 	 2.801425481e-13 	                  2.764892176e-14 	                  6.589458814e-13
115976.914155315 	 2.803509743e-13 	                  2.803550287e-14 	                  6.578682899e-13
118692.096327555 	 2.805595556e-13 	                  2.842748906e-14 	                  6.568650559e-13
121470.844721418 	 2.807682921e-13 	                  2.882495592e-14 	                  6.558995193e-13
124314.647511281 	 2.809771839e-13 	                  2.922798008e-14 	                  6.549787625e-13
127225.027711765 	 2.811862311e-13 	                  2.963663922e-14 	                  6.541249490e-13
130203.543993402 	 2.813954339e-13 	                  3.005101215e-14 	                  6.533918136e-13
133251.791517387 	 2.816047922e-13 	                  3.047117875e-14 	                  6.527121480e-13
136371.402789873 	 2.818143064e-13 	                  3.089722003e-14 	                  6.520331894e-13
139564.048536271 	 2.820239764e-13 	                  3.132921812e-14 	                  6.513549371e-13
142831.438596019 	 2.822338025e-13 	                  3.176725631e-14 	                  6.507458555e-13
146175.322838290 	 2.824437846e-13 	                  3.221141906e-14 	                  6.501478922e-13
149597.492099152 	 2.826539230e-13 	                  3.266179199e-14 	                  6.496017069e-13
153099.779140653 	 2.828642177e-13 	                  3.311846194e-14 	                  6.490834935e-13
156684.059632370 	 2.830746688e-13 	                  3.358151694e-14 	                  6.486213917e-13
160352.253155939 	 2.832852766e-13 	                  3.405104628e-14 	                  6.481826106e-13
164106.324233088 	 2.834960410e-13 	                  3.452714047e-14 	                  6.478128876e-13
167948.283377756 	 2.837069622e-13 	                  3.500989130e-14 	                  6.474577209e-13
171880.188172834 	 2.839180404e-13 	                  3.549939186e-14 	                  6.471767739e-13
175904.144372109 	 2.841292756e-13 	                  3.599573649e-14 	                  6.469160283e-13
180022.307028020 	 2.843406680e-13 	                  3.649902091e-14 	                  6.467137884e-13
184236.881645804 	 2.845522176e-13 	                  3.700934215e-14 	                  6.465485165e-13
188550.125364669 	 2.847639247e-13 	                  3.752679858e-14 	                  6.464248285e-13
192964.348166615 	 2.849757892e-13 	                  3.805148997e-14 	                  6.463561803e-13
197481.914113560 	 2.851878114e-13 	                  3.858351748e-14 	                  6.463109523e-13
202105.242613427 	 2.853999913e-13 	                  3.912298368e-14 	                  6.463401761e-13
206836.809715870 	 2.856123291e-13 	                  3.966999258e-14 	                  6.463733799e-13
211679.149438338 	 2.858248249e-13 	                  4.022464963e-14 	                  6.464065855e-13
216634.855123179 	 2.860374787e-13 	                  4.078706178e-14 	                  6.465354493e-13
221706.580826524 	 2.862502908e-13 	                  4.135733745e-14 	                  6.467256007e-13
226897.042739679 	 2.864632612e-13 	                  4.193558659e-14 	                  6.469337455e-13
232209.020643796 	 2.866763901e-13 	                  4.252192067e-14 	                  6.472025453e-13
237645.359398602 	 2.868896775e-13 	                  4.311645276e-14 	                  6.475099541e-13
243208.970465977 	 2.871031236e-13 	                  4.371929746e-14 	                  6.478576042e-13
248902.833469209 	 2.873167285e-13 	                  4.433057100e-14 	                  6.482798434e-13
254729.997788744 	 2.875304923e-13 	                  4.495039123e-14 	                  6.487398764e-13
260693.584195297 	 2.877444152e-13 	                  4.557887765e-14 	                  6.492457358e-13
266796.786521205 	 2.879584973e-13 	                  4.621615143e-14 	                  6.498244984e-13
273042.873370896 	 2.881727386e-13 	                  4.686233542e-14 	                  6.504446168e-13
279435.189871410 	 2.883871393e-13 	                  4.751755423e-14 	                  6.511098069e-13
285977.159463903 	 2.886016995e-13 	                  4.818193415e-14 	                  6.518126308e-13
292672.285737088 	 2.888164194e-13 	                  4.885560329e-14 	                  6.525525869e-13
299524.154303601 	 2.890312990e-13 	                  4.953869152e-14 	                  6.533329305e-13
306536.434720299 	 2.892463384e-13 	                  5.023133054e-14 	                  6.542392010e-13
313712.882453507 	 2.894615379e-13 	                  5.093365388e-14 	                  6.551467287e-13
321057.340890287 	 2.896768975e-13 	                  5.164579696e-14 	                  6.560656351e-13
328573.743396777 	 2.898924173e-13 	                  5.236789706e-14 	                  6.570554232e-13
336266.115424733 	 2.901080974e-13 	                  5.310009341e-14 	                  6.580942190e-13
344138.576667380 	 2.903239381e-13 	                  5.384252716e-14 	                  6.591670507e-13
352195.343265739 	 2.905399393e-13 	                  5.459534145e-14 	                  6.602951583e-13
360440.730066601 	 2.907561012e-13 	                  5.535868143e-14 	                  6.614472480e-13
368879.152933373 	 2.909724239e-13 	                  5.613269426e-14 	                  6.626073208e-13
377515.131111016 	 2.911889076e-13 	                  5.691752917e-14 	                  6.638486024e-13
386353.289646348 	 2.914055523e-13 	                  5.771333746e-14 	                  6.651356604e-13
395398.361865024 	 2.916223582e-13 	                  5.852027257e-14 	                  6.664693354e-13
404655.191906483 	 2.918393255e-13 	                  5.933849007e-14 	                  6.678799226e-13
414128.737318265 	 2.920564541e-13 	                  6.016814770e-14 	                  6.693465674e-13
423824.071711046 	 2.922737443e-13 	                  6.100940543e-14 	                  6.708446444e-13
433746.387475844 	 2.924911962e-13 	                  6.186242543e-14 	                  6.723487573e-13
443900.998564829 	 2.927088098e-13 	                  6.272737217e-14 	                  6.738940748e-13
454293.343337242 	 2.929265854e-13 	                  6.360441240e-14 	                  6.754842927e-13
464928.987471941 	 2.931445229e-13 	                  6.449371522e-14 	                  6.770782632e-13
475813.626948128 	 2.933626227e-13 	                  6.539545207e-14 	                  6.788179352e-13
486953.091095865 	 2.935808846e-13 	                  6.630979680e-14 	                  6.806187267e-13
498353.345718003 	 2.937993090e-13 	                  6.723692570e-14 	                  6.824643080e-13
510020.496285205 	 2.940178959e-13 	                  6.817701752e-14 	                  6.843238262e-13
521960.791205761 	 2.942366454e-13 	                  6.913025349e-14 	                  6.862153015e-13
534180.625171959 	 2.944555577e-13 	                  7.009681739e-14 	                  6.881782005e-13
546686.542584803 	 2.946746328e-13 	                  7.019022197e-14 	                  6.902207797e-13
559485.241058896 	 2.948938709e-13 	                  6.958195671e-14 	                  6.923474544e-13
572583.575009392 	 2.951132721e-13 	                  6.897896265e-14 	                  6.944965905e-13
585988.559322914 	 2.953328366e-13 	                  6.837993769e-14 	                  6.966745907e-13
599707.373114419 	 2.955525644e-13 	                  6.777272074e-14 	                  6.989061596e-13
613747.363572005 	 2.957724557e-13 	                  6.716216757e-14 	                  7.011896449e-13
628116.049891751 	 2.959925106e-13 	                  6.655711479e-14 	                  7.035559151e-13
642821.127304655 	 2.962127293e-13 	                  6.595493381e-14 	                  7.059867312e-13
657870.471197865 	 2.964331117e-13 	                  6.535726138e-14 	                  7.084745161e-13
673272.141332382 	 2.966536582e-13 	                  6.476500494e-14 	                  7.109900732e-13
689034.386159515 	 2.968743687e-13 	                  6.417039585e-14 	                  7.135331546e-13
705165.647238379 	 2.970952434e-13 	                  6.356571148e-14 	                  7.160853321e-13
721674.563756829 	 2.973162825e-13 	                  6.296634394e-14 	                  7.187297143e-13
738569.977158217 	 2.975374860e-13 	                  6.237262791e-14 	                  7.215202284e-13
755860.935876485 	 2.977588541e-13 	                  6.178451008e-14 	                  7.243412788e-13
773556.700182093 	 2.979803869e-13 	                  6.120189430e-14 	                  7.271967964e-13
791666.747141423 	 2.982020845e-13 	                  6.061826884e-14 	                  7.301532746e-13
810200.775692267 	 2.984239470e-13 	                  6.003052638e-14 	                  7.332096284e-13
829168.711838148 	 2.986459746e-13 	                  5.944398597e-14 	                  7.363109614e-13
848580.713964251 	 2.988681674e-13 	                  5.886317647e-14 	                  7.394455920e-13
868447.178277802 	 2.990905255e-13 	                  5.828804189e-14 	                  7.426309533e-13
888778.744375810 	 2.993130491e-13 	                  5.771852677e-14 	                  7.459429289e-13
909586.300943171 	 2.995357382e-13 	                  5.715457622e-14 	                  7.493381171e-13
930880.991584163 	 2.997585930e-13 	                  5.659473325e-14 	                  7.527586474e-13
952674.220790465 	 2.999816136e-13 	                  5.603407757e-14 	                  7.562681376e-13
974977.660048889 	 3.002048001e-13 	                  5.547184888e-14 	                  7.598947210e-13
997803.254092127 	 3.004281527e-13 	                  5.491241930e-14 	                  7.635479759e-13
1021163.227295807 	 3.006516714e-13 	                  5.435863153e-14 	                  7.672817907e-13
1045070.090225331 	 3.008753565e-13 	                  5.381042868e-14 	                  7.710447985e-13
1069536.646335978 	 3.010992079e-13 	                  5.326775440e-14 	                  7.748362598e-13
1094575.998829869 	 3.013232259e-13 	                  5.273055296e-14 	                  7.787311807e-13
1120201.557673453 	 3.015474106e-13 	                  5.219428621e-14 	                  7.827503841e-13
1146427.046779300 	 3.017717621e-13 	                  5.165508042e-14 	                  7.867991924e-13
1173266.511356017 	 3.019962805e-13 	                  5.112144503e-14 	                  7.908832651e-13
1200734.325430237 	 3.022209659e-13 	                  5.059332250e-14 	                  7.950440735e-13
1228845.199544704 	 3.024458185e-13 	                  5.007023731e-14 	                  7.993227220e-13
1257614.188636600 	 3.026708384e-13 	                  4.955070322e-14 	                  8.036800044e-13
1287056.700100295 	 3.028960257e-13 	                  4.903655987e-14 	                  8.080830223e-13
1317188.502038860 	 3.031213805e-13 	                  4.852775133e-14 	                  8.125485052e-13
1348025.731708770 	 3.033469030e-13 	                  4.802422224e-14 	                  8.170910742e-13
1379584.904162304 	 3.035725933e-13 	                  4.752591782e-14 	                  8.217778293e-13
1411882.921092260 	 3.037984516e-13 	                  4.703278385e-14 	                  8.265093195e-13
1444937.079883773 	 3.040244778e-13 	                  4.654476670e-14 	                  8.312793299e-13
1478765.082878013 	 3.042506722e-13 	                  4.606139537e-14 	                  8.361026739e-13
1513385.046852774 	 3.044770349e-13 	                  4.558001557e-14 	                  8.410301005e-13
1548815.512725023 	 3.047035660e-13 	                  4.510183585e-14 	                  8.460163243e-13
1585075.455480592 	 3.049302657e-13 	                  4.462506880e-14 	                  8.511094606e-13
1622184.294336332 	 3.051571340e-13 	                  4.415190340e-14 	                  8.562708643e-13
1660161.903140189 	 3.053841711e-13 	                  4.368237413e-14 	                  8.616307606e-13
1699028.621014758 	 3.056113771e-13 	                  4.321783803e-14 	                  8.670289980e-13
1738805.263250011 	 3.058387522e-13 	                  4.275824200e-14 	                  8.724720164e-13
1779513.132451035 	 3.060662964e-13 	                  4.230353350e-14 	                  8.780339072e-13
1821174.029946780 	 3.062940100e-13 	                  4.185366055e-14 	                  8.837444847e-13
1863810.267465875 	 3.065218929e-13 	                  4.140857173e-14 	                  8.895042675e-13
1907444.679085790 	 3.067499454e-13 	                  4.096821617e-14 	                  8.953104939e-13
1952100.633461774 	 3.069781676e-13 	                  4.053254353e-14 	                  9.012892549e-13
1997802.046342056 	 3.072065595e-13 	                  4.010150401e-14 	                  9.073712680e-13
2044573.393376067 	 3.074351214e-13 	                  3.967342335e-14 	                  9.135099032e-13
2092439.723222504 	 3.076638534e-13 	                  3.924927643e-14 	                  9.197037552e-13
2141426.670964288 	 3.078927555e-13 	                  3.882694976e-14 	                  9.261152961e-13
2191560.471837578 	 3.081218279e-13 	                  3.840719157e-14 	                  9.325911453e-13
2242867.975282184 	 3.083510707e-13 	                  3.799120584e-14 	                  9.391122768e-13
2295376.659320957 	 3.085804841e-13 	                  3.757841003e-14 	                  9.456876718e-13
2349114.645275796 	 3.088100682e-13 	                  3.717009948e-14 	                  9.524572295e-13
2404110.712828156 	 3.090398231e-13 	                  3.676622545e-14 	                  9.593488700e-13
2460394.315432203 	 3.092697489e-13 	                  3.636673974e-14 	                  9.662915894e-13
2517995.596088756 	 3.094998458e-13 	                  3.597159466e-14 	                  9.734045295e-13
2576945.403488549 	 3.097301139e-13 	                  3.558074306e-14 	                  9.806638400e-13
2637275.308533418 	 3.099605533e-13 	                  3.519413828e-14 	                  9.879966075e-13
2699017.621244275 	 3.101911642e-13 	                  3.481173419e-14 	                  9.954221882e-13
2762205.408064933 	 3.104219466e-13 	                  3.443348512e-14 	                  1.003044872e-12
2826872.509570997 	 3.106529008e-13 	                  3.405934595e-14 	                  1.010747115e-12
2893053.558593414 	 3.108840267e-13 	                  3.368927200e-14 	                  1.018566626e-12
2960783.998766262 	 3.111153246e-13 	                  3.332267625e-14 	                  1.026560561e-12
3030100.103508769 	 3.113467946e-13 	                  3.295842512e-14 	                  1.034655330e-12
3101038.995451787 	 3.115784369e-13 	                  3.259815563e-14 	                  1.042837943e-12
3173638.666318998 	 3.118102514e-13 	                  3.223978671e-14 	                  1.051277472e-12
3247937.997273604 	 3.120422385e-13 	                  3.188350347e-14 	                  1.059785301e-12
3323976.779741356 	 3.122743981e-13 	                  3.153115753e-14 	                  1.068368273e-12
3401795.736721068 	 3.125067305e-13 	                  3.118210239e-14 	                  1.077062585e-12
3481436.544594067 	 3.127392357e-13 	                  3.083688395e-14 	                  1.085917374e-12
3562941.855444177 	 3.129719139e-13 	                  3.049548743e-14 	                  1.094933098e-12
3646355.319900328 	 3.132047652e-13 	                  3.015787054e-14 	                  1.104092475e-12
3731721.610513879 	 3.134377897e-13 	                  2.982399141e-14 	                  1.113452321e-12
3819086.445683227 	 3.136709877e-13 	                  2.949380868e-14 	                  1.122919481e-12
3908496.614138602 	 3.139043591e-13 	                  2.916728141e-14 	                  1.132626441e-12
4000000.000000001 	 3.141379041e-13 	                  2.884436914e-14 	                  1.142479893e-12
